0.000000	2.096402	2.000000
0.048019	2.096400	5.000000
0.098019	2.096426	0.000000
0.145994	2.096284	2.000000
0.193992	2.096277	2.000000
0.242999	2.096257	5.000000
0.291963	2.096259	2.000000
0.341974	2.096210	1.000000
0.389950	2.096236	2.000000
0.440913	2.096239	5.000000
0.490882	2.096245	2.000000
0.540851	2.096246	1.000000
0.588849	2.096260	2.000000
0.637850	2.096266	3.000000
0.688816	2.096255	2.000000
0.736785	2.096255	6.000000
0.785756	2.096280	3.000000
0.838723	2.096225	5.000000
0.887693	2.096246	4.000000
0.937662	2.096263	6.000000
0.987631	2.096269	2.000000
1.044597	2.096349	4.000000
1.091567	2.096350	6.000000
1.142537	2.096352	4.000000
1.191509	2.096394	4.000000
1.242475	2.096497	1.000000
1.291447	2.096678	3.000000
1.341413	2.096832	3.000000
1.392382	2.096953	3.000000
1.442387	2.097044	2.000000
1.490357	2.097054	1.000000
1.545323	2.097089	3.000000
1.595299	2.096965	7.000000
1.644266	2.096693	2.000000
1.694232	2.096445	1.000000
1.742202	2.096312	5.000000
1.791172	2.096214	3.000000
1.838143	2.096155	3.000000
1.888112	2.096155	4.000000
1.938081	2.096118	4.000000
1.989049	2.096086	2.000000
2.042016	2.096143	3.000000
2.090986	2.096141	1.000000
2.139989	2.096124	4.000000
2.188983	2.096109	1.000000
2.237954	2.096129	2.000000
2.287957	2.096173	1.000000
2.338923	2.096208	5.000000
2.387893	2.096211	0.000000
2.436890	2.096169	7.000000
2.484861	2.096135	2.000000
2.537861	2.096118	3.000000
2.588852	2.096173	3.000000
2.635877	2.096315	3.000000
2.683797	2.096503	3.000000
2.734776	2.096609	7.000000
2.784731	2.096579	6.000000
2.834700	2.096602	4.000000
2.883673	2.096547	2.000000
2.933640	2.096416	2.000000
2.983608	2.096216	3.000000
3.032578	2.096089	2.000000
3.083547	2.096115	2.000000
3.133516	2.096199	2.000000
3.183514	2.096332	1.000000
3.231525	2.096385	4.000000
3.281490	2.096381	2.000000
3.329556	2.096359	2.000000
3.377526	2.096364	4.000000
3.426529	2.096283	0.000000
3.475556	2.096274	1.000000
3.529522	2.096216	4.000000
3.577493	2.096313	2.000000
3.627462	2.096342	5.000000
3.674434	2.096385	2.000000
3.724402	2.096320	3.000000
3.773372	2.096295	2.000000
3.821347	2.096257	4.000000
3.870312	2.096255	5.000000
3.920281	2.096297	5.000000
3.970250	2.096375	5.000000
4.021219	2.096432	3.000000
4.071188	2.096455	2.000000
4.120158	2.096365	3.000000
4.168128	2.096278	2.000000
4.216098	2.096240	2.000000
4.266068	2.096205	4.000000
4.316037	2.096231	3.000000
4.367006	2.096336	1.000000
4.415978	2.096402	0.000000
4.465944	2.096397	2.000000
4.513915	2.096358	2.000000
4.564883	2.096344	3.000000
4.613853	2.096329	3.000000
4.661824	2.096349	4.000000
4.709794	2.096359	2.000000
4.761762	2.096371	3.000000
4.810731	2.096387	7.000000
4.860701	2.096393	4.000000
4.908671	2.096347	2.000000
4.958640	2.096237	2.000000
5.007609	2.096169	0.000000
5.056580	2.096144	3.000000
5.106549	2.096179	4.000000
5.155519	2.096178	2.000000
5.206487	2.096169	4.000000
5.255460	2.096194	4.000000
5.304427	2.096187	0.000000
5.354396	2.096191	4.000000
5.403366	2.096193	2.000000
5.453334	2.096182	4.000000
5.502305	2.096152	2.000000
5.550275	2.096185	4.000000
5.600245	2.096213	6.000000
5.649213	2.096220	3.000000
5.699183	2.096198	3.000000
5.749156	2.096173	3.000000
5.799125	2.096194	4.000000
5.848091	2.096149	2.000000
5.897064	2.096214	2.000000
5.948030	2.096227	5.000000
5.996000	2.096227	3.000000
6.044970	2.096217	2.000000
6.094939	2.096243	1.000000
6.143940	2.096237	5.000000
6.191909	2.096198	5.000000
6.240878	2.096185	3.000000
6.289849	2.096132	3.000000
6.339818	2.096155	3.000000
6.390786	2.096159	3.000000
6.440784	2.096190	2.000000
6.488756	2.096196	2.000000
6.539724	2.096210	2.000000
6.588696	2.096220	4.000000
6.638751	2.096220	5.000000
6.687724	2.096225	3.000000
6.736780	2.096227	1.000000
6.786749	2.096271	2.000000
6.834719	2.096277	2.000000
6.884688	2.096318	3.000000
6.933658	2.096323	3.000000
6.984627	2.096280	3.000000
7.035595	2.096196	2.000000
7.086564	2.096219	1.000000
7.135533	2.096225	3.000000
7.186502	2.096227	4.000000
7.233473	2.096231	2.000000
7.283442	2.096283	1.000000
7.332412	2.096295	1.000000
7.379382	2.096309	1.000000
7.429352	2.096355	1.000000
7.479321	2.096346	2.000000
7.530290	2.096364	3.000000
7.580259	2.096352	4.000000
7.629229	2.096335	3.000000
7.679197	2.096346	1.000000
7.728168	2.096350	3.000000
7.778137	2.096339	0.000000
7.827110	2.096332	3.000000
7.876077	2.096333	2.000000
7.925049	2.096297	3.000000
7.975016	2.096278	4.000000
8.023985	2.096292	1.000000
8.072955	2.096260	3.000000
8.122924	2.096283	5.000000
8.172893	2.096274	0.000000
8.220899	2.096291	1.000000
8.271836	2.096260	1.000000
8.320806	2.096269	1.000000
8.368775	2.096265	1.000000
8.416742	2.096298	0.000000
8.466711	2.096333	3.000000
8.514682	2.096336	4.000000
8.563652	2.096390	1.000000
8.614621	2.096402	2.000000
8.661592	2.096404	4.000000
8.711561	2.096410	3.000000
8.761529	2.096407	4.000000
8.810500	2.096402	3.000000
8.858470	2.096396	7.000000
8.907440	2.096347	7.000000
8.956451	2.096346	3.000000
9.005424	2.096300	2.000000
9.056391	2.096307	2.000000
9.107359	2.096313	5.000000
9.157330	2.096342	4.000000
9.206299	2.096347	1.000000
9.256266	2.096333	1.000000
9.306265	2.096341	4.000000
9.355235	2.096342	4.000000
9.405205	2.096344	5.000000
9.455173	2.096342	0.000000
9.506142	2.096352	6.000000
9.553113	2.096344	6.000000
9.601084	2.096353	2.000000
9.649059	2.096400	3.000000
9.698024	2.096440	2.000000
9.746994	2.096465	4.000000
9.796962	2.096474	6.000000
9.845932	2.096495	2.000000
9.894906	2.096510	6.000000
9.946870	2.096498	3.000000
9.996839	2.096521	4.000000
10.044809	2.096515	6.000000
10.093780	2.096507	1.000000
10.141751	2.096524	1.000000
10.191719	2.096490	2.000000
10.241689	2.096489	5.000000
10.291657	2.096504	2.000000
10.339628	2.096504	1.000000
10.389597	2.096455	2.000000
10.440566	2.096472	1.000000
10.489535	2.096460	2.000000
10.542503	2.096552	1.000000
10.592471	2.096513	1.000000
10.641441	2.096513	1.000000
10.691413	2.096552	3.000000
10.741380	2.096529	8.000000
10.795346	2.096591	3.000000
10.844316	2.096576	1.000000
10.894286	2.096587	1.000000
10.943254	2.096588	1.000000
10.990226	2.096550	6.000000
11.040195	2.096521	3.000000
11.089165	2.096513	0.000000
11.136136	2.096501	1.000000
11.185105	2.096492	3.000000
11.234076	2.096524	1.000000
11.283045	2.096530	1.000000
11.333014	2.096591	0.000000
11.381984	2.096559	3.000000
11.431953	2.096602	2.000000
11.480927	2.096635	2.000000
11.532891	2.096613	3.000000
11.580897	2.096614	3.000000
11.631866	2.096626	2.000000
11.681835	2.096640	6.000000
11.730805	2.096623	7.000000
11.781773	2.096620	2.000000
11.829742	2.096632	2.000000
11.879713	2.096635	2.000000
11.928699	2.096625	3.000000
11.977749	2.096640	2.000000
12.027746	2.096620	6.000000
12.077715	2.096631	5.000000
12.126711	2.096642	1.000000
12.177686	2.096623	2.000000
12.226749	2.096643	3.000000
12.276717	2.096642	1.000000
12.326686	2.096626	5.000000
12.375654	2.096643	0.000000
12.425697	2.096605	4.000000
12.473669	2.096585	1.000000
12.526636	2.096571	1.000000
12.574621	2.096651	0.000000
12.623579	2.096588	3.000000
12.671546	2.096591	4.000000
12.721515	2.096585	3.000000
12.772483	2.096603	1.000000
12.821453	2.096613	6.000000
12.869423	2.096590	3.000000
12.919393	2.096619	1.000000
12.969361	2.096617	2.000000
13.025327	2.096628	5.000000
13.073298	2.096683	3.000000
13.122267	2.096646	2.000000
13.172237	2.096657	2.000000
13.222208	2.096655	4.000000
13.271240	2.096671	2.000000
13.321239	2.096664	4.000000
13.369237	2.096675	4.000000
13.417236	2.096683	3.000000
13.466209	2.096727	2.000000
13.517200	2.096680	1.000000
13.565207	2.096729	3.000000
13.614179	2.096761	3.000000
13.664146	2.096758	2.000000
13.715115	2.096777	3.000000
13.764084	2.096793	2.000000
13.814056	2.096793	5.000000
13.865021	2.096797	0.000000
13.913991	2.096811	4.000000
13.963961	2.096814	0.000000
14.013929	2.096822	4.000000
14.064898	2.096826	2.000000
14.113868	2.096838	3.000000
14.163874	2.096870	6.000000
14.213842	2.096873	2.000000
14.261812	2.096899	6.000000
14.311789	2.096901	1.000000
14.358754	2.096883	1.000000
14.407722	2.096863	3.000000
14.457691	2.096840	2.000000
14.506664	2.096846	1.000000
14.559629	2.096893	0.000000
14.607600	2.096877	2.000000
14.655571	2.096841	5.000000
14.705539	2.096803	2.000000
14.754508	2.096835	1.000000
14.804485	2.096828	3.000000
14.853449	2.096828	0.000000
14.902440	2.096837	4.000000
14.950434	2.096829	1.000000
15.000360	2.096881	6.000000
15.053324	2.096867	3.000000
15.103293	2.096884	5.000000
15.152262	2.096863	5.000000
15.201235	2.096880	2.000000
15.252203	2.096890	1.000000
15.301174	2.096889	5.000000
15.350142	2.096901	2.000000
15.400110	2.096925	4.000000
15.448081	2.096954	4.000000
15.497086	2.096992	3.000000
15.551048	2.096904	6.000000
15.602016	2.096907	5.000000
15.651986	2.096928	2.000000
15.701955	2.096924	8.000000
15.750926	2.096936	2.000000
15.799898	2.096967	4.000000
15.849865	2.096977	1.000000
15.898832	2.096991	4.000000
15.947805	2.097005	4.000000
15.998770	2.097023	3.000000
16.046741	2.097034	3.000000
16.096710	2.097055	4.000000
16.145681	2.097049	9.000000
16.195649	2.097064	2.000000
16.245618	2.097067	4.000000
16.294587	2.097081	4.000000
16.343557	2.097081	2.000000
16.392527	2.097058	5.000000
16.440499	2.097052	1.000000
16.487469	2.097029	3.000000
16.535440	2.097008	2.000000
16.586409	2.097025	7.000000
16.635377	2.097021	2.000000
16.683348	2.097034	0.000000
16.732317	2.097063	5.000000
16.780287	2.097102	6.000000
16.830257	2.097108	2.000000
16.878227	2.097130	6.000000
16.927197	2.097142	3.000000
16.976170	2.097131	3.000000
17.025137	2.097127	8.000000
17.075109	2.097131	7.000000
17.125075	2.097133	2.000000
17.175045	2.097137	4.000000
17.225014	2.097147	7.000000
17.275981	2.097141	5.000000
17.325986	2.097153	4.000000
17.374959	2.097151	2.000000
17.423928	2.097150	4.000000
17.471899	2.097121	4.000000
17.522925	2.097099	4.000000
17.570931	2.097095	3.000000
17.619901	2.097119	2.000000
17.670869	2.097107	2.000000
17.719839	2.097102	2.000000
17.769808	2.097125	5.000000
17.818778	2.097137	2.000000
17.867748	2.097150	6.000000
17.917717	2.097148	3.000000
17.965687	2.097165	4.000000
18.014657	2.097215	1.000000
18.064628	2.097258	3.000000
18.112597	2.097263	3.000000
18.162566	2.097285	3.000000
18.212538	2.097295	0.000000
18.262507	2.097290	1.000000
18.311473	2.097285	0.000000
18.359478	2.097304	5.000000
18.408445	2.097275	0.000000
18.457413	2.097278	5.000000
18.506385	2.097240	6.000000
18.556355	2.097266	4.000000
18.606321	2.097258	2.000000
18.656291	2.097260	5.000000
18.704261	2.097246	3.000000
18.752230	2.097243	4.000000
18.803199	2.097240	6.000000
18.851170	2.097234	4.000000
18.899140	2.097279	5.000000
18.949109	2.097334	2.000000
19.002077	2.097285	3.000000
19.052045	2.097284	6.000000
19.102016	2.097284	2.000000
19.149989	2.097301	5.000000
19.198955	2.097324	4.000000
19.248924	2.097333	2.000000
19.299892	2.097327	2.000000
19.349862	2.097351	1.000000
19.398834	2.097342	5.000000
19.447802	2.097342	3.000000
19.495799	2.097389	2.000000
19.547767	2.097412	3.000000
19.596737	2.097397	5.000000
19.645707	2.097424	1.000000
19.694676	2.097435	3.000000
19.742647	2.097450	7.000000
19.789618	2.097411	4.000000
19.838587	2.097353	3.000000
19.887558	2.097363	5.000000
19.935528	2.097359	5.000000
19.985497	2.097351	2.000000
20.035466	2.097353	3.000000
20.086434	2.097371	6.000000
20.135405	2.097382	2.000000
20.186373	2.097398	3.000000
20.235343	2.097421	6.000000
20.284313	2.097452	1.000000
20.333282	2.097520	4.000000
20.384251	2.097534	4.000000
20.433221	2.097549	1.000000
20.483190	2.097580	2.000000
20.533158	2.097560	1.000000
20.583138	2.097591	5.000000
20.633097	2.097592	2.000000
20.681067	2.097581	1.000000
20.728038	2.097566	1.000000
20.779007	2.097595	1.000000
20.827977	2.097627	5.000000
20.877945	2.097749	2.000000
20.925916	2.097871	1.000000
20.975885	2.097862	1.000000
21.025854	2.097855	3.000000
21.076823	2.097897	1.000000
21.126792	2.097943	4.000000
21.175762	2.097966	3.000000
21.224732	2.097960	5.000000
21.273702	2.098036	4.000000
21.323670	2.098021	9.000000
21.372642	2.098091	1.000000
21.419611	2.098138	2.000000
21.467582	2.098068	1.000000
21.516552	2.098062	2.000000
21.569560	2.098018	5.000000
21.620529	2.098195	3.000000
21.668499	2.098399	0.000000
21.717471	2.098436	5.000000
21.767443	2.098410	1.000000
21.817412	2.098341	2.000000
21.865380	2.098256	2.000000
21.914346	2.098288	2.000000
21.962318	2.098264	4.000000
22.011293	2.098238	3.000000
22.061262	2.098244	2.000000
22.110254	2.098114	2.000000
22.158261	2.098018	1.000000
22.205235	2.098001	2.000000
22.254201	2.098299	6.000000
22.303174	2.098358	4.000000
22.351140	2.098384	1.000000
22.400110	2.098366	2.000000
22.448081	2.098335	4.000000
22.496080	2.098230	7.000000
22.546049	2.098241	0.000000
22.596017	2.098309	1.000000
22.643989	2.098450	2.000000
22.693958	2.098491	3.000000
22.740931	2.098410	2.000000
22.789898	2.098318	1.000000
22.839870	2.098158	3.000000
22.887840	2.098328	4.000000
22.936833	2.098346	3.000000
22.984805	2.098347	7.000000
23.033774	2.098317	1.000000
23.082744	2.098238	5.000000
23.129715	2.098187	2.000000
23.177686	2.098128	0.000000
23.226655	2.098091	3.000000
23.276624	2.098056	0.000000
23.325597	2.098048	5.000000
23.374563	2.097969	3.000000
23.422534	2.097873	2.000000
23.470513	2.097816	2.000000
23.518475	2.097878	5.000000
23.569443	2.097932	2.000000
23.617414	2.097960	3.000000
23.665384	2.097943	1.000000
23.716353	2.097934	2.000000
23.765322	2.097913	3.000000
23.813293	2.097925	3.000000
23.861263	2.097966	0.000000
23.908234	2.097971	4.000000
23.958203	2.097934	3.000000
24.009172	2.097913	6.000000
24.057146	2.097844	1.000000
24.108111	2.097852	5.000000
24.157085	2.097849	1.000000
24.205051	2.097864	3.000000
24.254021	2.097827	2.000000
24.301991	2.097841	0.000000
24.350962	2.097861	6.000000
24.400929	2.097871	1.000000
24.454897	2.097853	2.000000
24.503866	2.097852	7.000000
24.551837	2.097849	8.000000
24.600806	2.097864	2.000000
24.650776	2.097861	7.000000
24.699746	2.097887	3.000000
24.747717	2.097917	5.000000
24.796686	2.097952	0.000000
24.844656	2.097963	2.000000
24.892627	2.097964	4.000000
24.942596	2.097957	5.000000
24.991566	2.097960	3.000000
25.041534	2.097922	3.000000
25.090505	2.097932	4.000000
25.140473	2.097943	7.000000
25.189443	2.097948	3.000000
25.237413	2.097897	2.000000
25.284386	2.097879	2.000000
25.332357	2.097908	1.000000
25.380325	2.097942	3.000000
25.428296	2.098010	7.000000
25.478265	2.098016	3.000000
25.526236	2.098039	6.000000
25.575205	2.098029	4.000000
25.624176	2.098004	6.000000
25.672145	2.098010	5.000000
25.721115	2.097960	4.000000
25.770085	2.097937	5.000000
25.818058	2.097975	1.000000
25.866025	2.097957	2.000000
25.915995	2.097987	1.000000
25.965964	2.097998	5.000000
26.013934	2.098010	7.000000
26.063904	2.098061	4.000000
26.112874	2.098027	2.000000
26.160844	2.098082	3.000000
26.210813	2.098083	3.000000
26.261781	2.098096	3.000000
26.309797	2.098119	4.000000
26.359721	2.098105	7.000000
26.409690	2.098096	1.000000
26.458660	2.098116	7.000000
26.507634	2.098067	5.000000
26.555601	2.098065	7.000000
26.603570	2.098041	5.000000
26.651541	2.098033	3.000000
26.701509	2.098010	4.000000
26.749482	2.098036	6.000000
26.799449	2.098062	7.000000
26.849419	2.098082	5.000000
26.897393	2.098073	4.000000
26.946359	2.098117	4.000000
26.996329	2.098166	4.000000
27.048296	2.098160	6.000000
27.097266	2.098128	5.000000
27.147235	2.098135	3.000000
27.198203	2.098140	6.000000
27.245204	2.098163	3.000000
27.294244	2.098174	3.000000
27.342215	2.098180	6.000000
27.389188	2.098132	2.000000
27.439157	2.098116	5.000000
27.489126	2.098091	7.000000
27.540093	2.098108	4.000000
27.588062	2.098112	4.000000
27.637035	2.098111	7.000000
27.685061	2.098096	4.000000
27.732978	2.098100	2.000000
27.783943	2.098138	4.000000
27.831913	2.098145	4.000000
27.880887	2.098178	1.000000
27.928854	2.098209	2.000000
27.976822	2.098238	5.000000
28.024796	2.098233	1.000000
28.072764	2.098201	5.000000
28.120733	2.098152	3.000000
28.170705	2.098135	2.000000
28.221672	2.098149	5.000000
28.268648	2.098148	6.000000
28.316616	2.098157	4.000000
28.366585	2.098189	2.000000
28.414555	2.098192	3.000000
28.462528	2.098247	3.000000
28.511495	2.098245	5.000000
28.559465	2.098260	7.000000
28.610431	2.098264	4.000000
28.659404	2.098268	1.000000
28.707374	2.098264	4.000000
28.756371	2.098225	8.000000
28.804339	2.098212	4.000000
28.851314	2.098186	1.000000
28.899284	2.098189	5.000000
28.947251	2.098239	1.000000
28.997220	2.098264	2.000000
29.048189	2.098294	7.000000
29.095160	2.098268	7.000000
29.144129	2.098305	11.000000
29.218084	2.098199	6.000000
29.266085	2.098218	9.000000
29.317079	2.098251	7.000000
29.366051	2.098251	7.000000
29.415018	2.098253	1.000000
29.463020	2.098306	4.000000
29.511062	2.098351	12.000000
29.562031	2.098331	5.000000
29.611006	2.098355	2.000000
29.660971	2.098338	7.000000
29.710944	2.098354	5.000000
29.759909	2.098366	3.000000
29.809878	2.098347	1.000000
29.858850	2.098358	3.000000
29.906857	2.098354	5.000000
29.955850	2.098306	6.000000
30.002825	2.098291	4.000000
30.051795	2.098279	6.000000
30.099765	2.098312	9.000000
30.147736	2.098360	6.000000
30.195708	2.098378	5.000000
30.244686	2.098407	5.000000
30.292647	2.098416	2.000000
30.341621	2.098393	5.000000
30.391587	2.098416	2.000000
30.440554	2.098418	4.000000
30.489526	2.098396	4.000000
30.540493	2.098442	5.000000
30.589462	2.098486	6.000000
30.636436	2.098457	6.000000
30.684406	2.098453	3.000000
30.732377	2.098500	3.000000
30.783350	2.098534	8.000000
30.834313	2.098537	5.000000
30.881287	2.098555	4.000000
30.932251	2.098604	5.000000
30.986219	2.098557	4.000000
31.035189	2.098575	6.000000
31.086155	2.098558	1.000000
31.133132	2.098566	4.000000
31.184105	2.098602	6.000000
31.232098	2.098619	2.000000
31.282068	2.098694	5.000000
31.329038	2.098683	5.000000
31.379008	2.098730	5.000000
31.427978	2.098712	4.000000
31.476947	2.098735	5.000000
31.526916	2.098795	4.000000
31.576886	2.098882	5.000000
31.629853	2.098914	3.000000
31.679821	2.098958	9.000000
31.730790	2.098984	5.000000
31.780760	2.098950	2.000000
31.827730	2.098897	2.000000
31.875701	2.098900	6.000000
31.926670	2.098962	4.000000
31.976638	2.099107	5.000000
32.029605	2.099228	2.000000
32.084573	2.099167	3.000000
32.134541	2.099168	7.000000
32.183511	2.099194	4.000000
32.231482	2.099252	3.000000
32.279452	2.099541	2.000000
32.336417	2.099916	3.000000
32.390383	2.100279	4.000000
32.447348	2.100450	4.000000
32.496317	2.100458	2.000000
32.548285	2.100336	5.000000
32.599254	2.099994	3.000000
32.648224	2.099898	4.000000
32.698194	2.100322	0.000000
32.748162	2.100668	3.000000
32.804128	2.100577	4.000000
32.854097	2.100394	2.000000
32.904066	2.100150	6.000000
32.954035	2.100069	4.000000
33.003005	2.100290	8.000000
33.057971	2.100760	2.000000
33.106941	2.101176	3.000000
33.161911	2.101224	5.000000
33.212881	2.101096	4.000000
33.263844	2.100885	3.000000
33.313864	2.100516	9.000000
33.363823	2.100125	5.000000
33.411833	2.100122	2.000000
33.462794	2.100597	2.000000
33.514761	2.100864	2.000000
33.566730	2.100737	2.000000
33.616698	2.100342	6.000000
33.666668	2.100232	4.000000
33.714638	2.100458	1.000000
33.764607	2.101152	3.000000
33.814576	2.101544	0.000000
33.870542	2.101457	3.000000
33.923510	2.101312	6.000000
33.973478	2.101019	3.000000
34.025446	2.100641	7.000000
34.079413	2.100238	4.000000
34.128382	2.100352	3.000000
34.177352	2.100621	1.000000
34.227322	2.100595	4.000000
34.277291	2.100230	4.000000
34.330257	2.099797	1.000000
34.378231	2.099504	5.000000
34.428197	2.099510	2.000000
34.478167	2.099667	5.000000
34.528136	2.099818	5.000000
34.578105	2.099876	3.000000
34.629076	2.099774	4.000000
34.679046	2.099663	5.000000
34.729015	2.099506	3.000000
34.779982	2.099281	5.000000
34.830950	2.099106	2.000000
34.881918	2.098979	8.000000
34.931892	2.098956	10.000000
34.980886	2.098930	5.000000
35.029858	2.098915	2.000000
35.080825	2.098993	2.000000
35.130797	2.099112	10.000000
35.180767	2.099193	2.000000
35.230736	2.099168	1.000000
35.280702	2.099101	3.000000
35.331670	2.099060	9.000000
35.382638	2.099014	6.000000
35.432608	2.099077	9.000000
35.482577	2.099123	6.000000
35.532547	2.099117	7.000000
35.584514	2.099028	11.000000
35.634484	2.098920	3.000000
35.684453	2.098868	4.000000
35.734425	2.098856	8.000000
35.784391	2.098840	7.000000
35.834360	2.098822	11.000000
35.884329	2.098816	5.000000
35.933301	2.098834	5.000000
35.984268	2.098813	5.000000
36.034236	2.098831	8.000000
36.086204	2.098834	5.000000
36.137173	2.098839	5.000000
36.186142	2.098833	2.000000
36.235113	2.098813	2.000000
36.286081	2.098792	5.000000
36.337049	2.098795	8.000000
36.411004	2.098842	7.000000
36.459974	2.098903	3.000000
36.512941	2.098898	7.000000
36.563909	2.098875	6.000000
36.615878	2.098856	4.000000
36.666845	2.098840	5.000000
36.717815	2.098824	8.000000
36.767784	2.098810	11.000000
36.818752	2.098798	10.000000
36.869721	2.098805	6.000000
36.919690	2.098804	6.000000
36.970658	2.098831	6.000000
37.023625	2.098840	6.000000
37.076593	2.098907	11.000000
37.125563	2.098894	7.000000
37.176532	2.098920	5.000000
37.226500	2.098949	3.000000
37.276470	2.098950	10.000000
37.327438	2.098952	3.000000
37.379405	2.098952	4.000000
37.428376	2.098964	10.000000
37.478345	2.098959	7.000000
37.530313	2.098964	8.000000
37.583280	2.098935	7.000000
37.636247	2.098895	3.000000
37.686217	2.098897	9.000000
37.738184	2.098889	11.000000
37.787154	2.098903	5.000000
37.840122	2.098923	14.000000
37.896088	2.099005	11.000000
37.946056	2.099017	7.000000
37.995026	2.099020	5.000000
38.046994	2.099019	7.000000
38.094964	2.099011	9.000000
38.146932	2.099017	10.000000
38.197901	2.098979	7.000000
38.247873	2.098988	3.000000
38.299841	2.098953	8.000000
38.353805	2.098924	5.000000
38.402774	2.098943	8.000000
38.455741	2.098962	6.000000
38.507712	2.099017	1.000000
38.560680	2.099062	7.000000
38.608647	2.099055	10.000000
38.661614	2.099039	6.000000
38.713583	2.098999	9.000000
38.764551	2.098981	6.000000
38.815519	2.098920	10.000000
38.866487	2.098903	5.000000
38.915458	2.098933	1.000000
38.968425	2.098924	7.000000
39.019393	2.098892	5.000000
39.069363	2.098900	6.000000
39.122330	2.098938	6.000000
39.174298	2.098982	2.000000
39.224267	2.098950	5.000000
39.277235	2.099014	2.000000
39.328202	2.099022	5.000000
39.379171	2.099023	4.000000
39.434137	2.098958	2.000000
39.486105	2.098909	8.000000
39.541072	2.098932	1.000000
39.591040	2.098979	3.000000
39.645007	2.099033	5.000000
39.697974	2.099034	3.000000
39.748943	2.099023	6.000000
39.801910	2.098915	8.000000
39.856907	2.098955	6.000000
39.906878	2.098985	7.000000
39.959845	2.099051	9.000000
40.014810	2.099055	3.000000
40.064778	2.099071	4.000000
40.117745	2.098985	2.000000
40.168715	2.098990	9.000000
40.219683	2.098972	3.000000
40.273650	2.099005	7.000000
40.324617	2.099062	7.000000
40.374586	2.099059	5.000000
40.427554	2.099118	3.000000
40.480579	2.099100	5.000000
40.529591	2.099110	6.000000
40.581543	2.099097	6.000000
40.635518	2.099022	6.000000
40.684485	2.099026	3.000000
40.737450	2.099020	4.000000
40.790422	2.099075	5.000000
40.840389	2.099071	5.000000
40.893357	2.099138	3.000000
40.945325	2.099133	2.000000
40.996290	2.099153	5.000000
41.049256	2.099127	2.000000
41.099225	2.099129	8.000000
41.147197	2.099156	3.000000
41.201161	2.099068	7.000000
41.254129	2.099072	5.000000
41.302104	2.099081	6.000000
41.356070	2.099092	10.000000
41.409128	2.099173	9.000000
41.457140	2.099156	3.000000
41.511109	2.099220	3.000000
41.566075	2.099190	3.000000
41.615045	2.099184	4.000000
41.667013	2.099158	3.000000
41.720980	2.099135	2.000000
41.769949	2.099130	10.000000
41.824915	2.099197	2.000000
41.878881	2.099257	5.000000
41.927851	2.099271	3.000000
41.981818	2.099213	9.000000
42.036784	2.099173	3.000000
42.086753	2.099174	6.000000
42.140721	2.099252	2.000000
42.194686	2.099324	5.000000
42.244657	2.099338	2.000000
42.300622	2.099257	0.000000
42.354589	2.099243	8.000000
42.408555	2.099289	2.000000
42.462521	2.099371	7.000000
42.513522	2.099371	2.000000
42.570486	2.099266	3.000000
42.624452	2.099309	0.000000
42.672422	2.099315	6.000000
42.726390	2.099376	4.000000
42.780356	2.099388	4.000000
42.828326	2.099417	7.000000
42.883298	2.099355	4.000000
42.939258	2.099330	3.000000
42.988228	2.099321	2.000000
43.043193	2.099411	5.000000
43.094163	2.099420	5.000000
43.142133	2.099431	2.000000
43.195100	2.099457	3.000000
43.249067	2.099403	9.000000
43.299036	2.099426	4.000000
43.355003	2.099364	3.000000
43.410973	2.099487	5.000000
43.458938	2.099516	6.000000
43.514909	2.099480	3.000000
43.570870	2.099405	1.000000
43.620839	2.099408	5.000000
43.675809	2.099510	7.000000
43.730776	2.099524	4.000000
43.781740	2.099533	5.000000
43.836709	2.099449	5.000000
43.890672	2.099489	11.000000
43.939644	2.099455	6.000000
43.995607	2.099544	4.000000
44.045579	2.099551	8.000000
44.096546	2.099561	8.000000
44.146513	2.099551	12.000000
44.198481	2.099539	7.000000
44.247452	2.099559	8.000000
44.303416	2.099461	5.000000
44.358386	2.099557	9.000000
44.408351	2.099542	6.000000
44.463321	2.099588	2.000000
44.519282	2.099478	12.000000
44.569252	2.099480	12.000000
44.622219	2.099521	3.000000
44.673188	2.099545	7.000000
44.727159	2.099634	3.000000
44.782123	2.099574	5.000000
44.831091	2.099594	6.000000
44.887058	2.099536	4.000000
44.945020	2.099677	7.000000
44.994989	2.099692	4.000000
45.046957	2.099695	4.000000
45.096926	2.099706	5.000000
45.146896	2.099693	4.000000
45.204860	2.099577	7.000000
45.261824	2.099683	10.000000
45.311794	2.099680	11.000000
45.367762	2.099634	10.000000
45.423727	2.099660	7.000000
45.479695	2.099759	9.000000
45.531658	2.099734	6.000000
45.580627	2.099736	9.000000
45.638592	2.099631	12.000000
45.693567	2.099750	8.000000
45.743530	2.099741	12.000000
45.795501	2.099783	8.000000
45.853461	2.099669	6.000000
45.901430	2.099696	12.000000
45.957426	2.099738	7.000000
46.013422	2.099817	8.000000
46.071385	2.099719	11.000000
46.128352	2.099861	12.000000
46.179323	2.099895	10.000000
46.235283	2.099823	15.000000
46.298244	2.099916	5.000000
46.347223	2.099933	10.000000
46.403179	2.099791	10.000000
46.456153	2.099794	10.000000
46.515111	2.099866	9.000000
46.573076	2.099806	10.000000
46.621045	2.099840	14.000000
46.678010	2.099968	7.000000
46.733976	2.099879	14.000000
46.784945	2.099899	9.000000
46.842908	2.099942	13.000000
46.898877	2.099931	12.000000
46.956838	2.099855	15.000000
47.009836	2.099892	6.000000
47.056810	2.099852	9.000000
47.106779	2.099840	6.000000
47.163744	2.099925	10.000000
47.211717	2.099928	10.000000
47.267677	2.099841	13.000000
47.324646	2.099883	10.000000
47.373613	2.099922	12.000000
47.429580	2.100002	12.000000
47.487546	2.099904	7.000000
47.540509	2.099899	9.000000
47.591478	2.099944	13.000000
47.640452	2.099922	12.000000
47.695417	2.100020	7.000000
47.753382	2.099916	4.000000
47.801349	2.099921	7.000000
47.857318	2.100009	9.000000
47.913280	2.100060	11.000000
47.971245	2.099960	17.000000
48.034205	2.100027	13.000000
48.084173	2.100084	7.000000
48.141139	2.100008	12.000000
48.195109	2.100122	11.000000
48.243074	2.100125	7.000000
48.301041	2.100069	13.000000
48.358009	2.100101	15.000000
48.415974	2.100125	10.000000
48.473937	2.100093	14.000000
48.522904	2.100114	4.000000
48.579868	2.100258	8.000000
48.634832	2.100192	8.000000
48.682835	2.100163	7.000000
48.740770	2.100174	5.000000
48.794734	2.100256	6.000000
48.852702	2.100162	7.000000
48.911662	2.100276	11.000000
48.959632	2.100269	9.000000
49.017600	2.100253	12.000000
49.072563	2.100232	4.000000
49.121536	2.100240	5.000000
49.179502	2.100398	6.000000
49.237464	2.100308	10.000000
49.295430	2.100464	11.000000
49.355484	2.100375	9.000000
49.405453	2.100418	9.000000
49.465415	2.100536	7.000000
49.523379	2.100478	7.000000
49.572349	2.100436	4.000000
49.625316	2.100412	10.000000
49.685279	2.100418	8.000000
49.734249	2.100478	6.000000
49.795211	2.100627	12.000000
49.853175	2.100638	7.000000
49.904145	2.100659	12.000000
49.957110	2.100639	8.000000
50.016074	2.100726	5.000000
50.075038	2.100636	5.000000
50.135002	2.100623	2.000000
50.183971	2.100688	1.000000
50.242934	2.100734	2.000000
50.301899	2.100754	8.000000
50.354868	2.100757	9.000000
50.414831	2.100867	10.000000
50.463799	2.100829	5.000000
50.523762	2.100745	4.000000
50.576729	2.100818	5.000000
50.624699	2.100970	5.000000
50.682662	2.101126	5.000000
50.740627	2.101141	3.000000
50.795594	2.101241	6.000000
50.854558	2.101064	11.000000
50.905527	2.100986	7.000000
50.965489	2.101044	4.000000
51.025538	2.101021	4.000000
51.086501	2.101102	8.000000
51.137469	2.101051	6.000000
51.186439	2.100974	14.000000
51.244404	2.101004	8.000000
51.304366	2.100865	6.000000
51.362329	2.101025	4.000000
51.421369	2.100989	4.000000
51.471337	2.101053	4.000000
51.532299	2.101251	4.000000
51.582269	2.101312	4.000000
51.631238	2.101268	3.000000
51.692201	2.101181	5.000000
51.748166	2.101237	5.000000
51.807130	2.101135	5.000000
51.866093	2.101158	3.000000
51.916063	2.101181	6.000000
51.977120	2.101039	2.000000
52.032087	2.101006	5.000000
52.092052	2.100888	2.000000
52.152014	2.100995	8.000000
52.202979	2.101073	3.000000
52.263942	2.101251	6.000000
52.315911	2.101424	3.000000
52.376872	2.101576	6.000000
52.437836	2.101459	5.000000
52.485805	2.101414	5.000000
52.545768	2.101527	5.000000
52.597736	2.101480	3.000000
52.658698	2.101343	6.000000
52.717661	2.101266	6.000000
52.766633	2.101234	3.000000
52.827594	2.101163	8.000000
52.876567	2.100983	10.000000
52.937526	2.100798	10.000000
52.994491	2.100891	5.000000
53.046461	2.100911	8.000000
53.096432	2.101012	2.000000
53.152393	2.101083	6.000000
53.213356	2.101289	7.000000
53.272319	2.101286	7.000000
53.321290	2.101236	6.000000
53.406240	2.101102	11.000000
53.460401	2.101266	7.000000
53.521454	2.101285	5.000000
53.575421	2.101433	14.000000
53.624391	2.101411	8.000000
53.680357	2.101434	6.000000
53.736321	2.101245	13.000000
53.796285	2.101256	8.000000
53.857247	2.101183	5.000000
53.908215	2.101222	7.000000
53.968178	2.101395	11.000000
54.029141	2.101520	8.000000
54.090103	2.101393	9.000000
54.149066	2.101419	9.000000
54.200035	2.101401	11.000000
54.257999	2.101309	13.000000
54.315964	2.101300	10.000000
54.376926	2.101216	12.000000
54.435890	2.101096	11.000000
54.485859	2.101079	13.000000
54.545822	2.101070	10.000000
54.596790	2.101135	12.000000
54.646759	2.101190	13.000000
54.705723	2.101227	14.000000
54.766685	2.101518	10.000000
54.816654	2.101712	12.000000
54.898604	2.101817	11.000000
54.947574	2.101802	11.000000
55.008536	2.101590	4.000000
55.069499	2.101509	17.000000
55.118468	2.101534	15.000000
55.176433	2.101559	8.000000
55.234397	2.101385	8.000000
55.293360	2.101300	22.000000
55.359320	2.101175	15.000000
55.408289	2.101151	14.000000
55.469252	2.101128	8.000000
55.527216	2.101151	11.000000
55.578185	2.101172	11.000000
55.628153	2.101245	14.000000
55.677123	2.101306	12.000000
55.737086	2.101340	20.000000
55.795054	2.101550	14.000000
55.854014	2.101494	7.000000
55.913978	2.101617	19.000000
55.962947	2.101634	14.000000
56.022910	2.101541	13.000000
56.073879	2.101570	15.000000
56.123849	2.101613	17.000000
56.182811	2.101726	14.000000
56.242777	2.101578	20.000000
56.291746	2.101425	20.000000
56.350711	2.101288	12.000000
56.401680	2.101242	11.000000
56.461639	2.101192	13.000000
56.522605	2.101096	14.000000
56.572571	2.101097	19.000000
56.624539	2.101108	12.000000
56.683502	2.101202	6.000000
56.744465	2.101213	14.000000
56.804431	2.101198	10.000000
56.855397	2.101228	15.000000
56.938345	2.101224	22.000000
56.996309	2.101337	15.000000
57.052274	2.101318	13.000000
57.101244	2.101367	5.000000
57.151213	2.101387	13.000000
57.208179	2.101329	15.000000
57.262145	2.101396	7.000000
57.323108	2.101297	19.000000
57.384069	2.101425	18.000000
57.432040	2.101381	19.000000
57.493002	2.101331	10.000000
57.547968	2.101410	15.000000
57.598944	2.101360	18.000000
57.648906	2.101360	7.000000
57.697876	2.101390	14.000000
57.755840	2.101324	13.000000
57.808808	2.101364	4.000000
57.868803	2.101428	9.000000
57.927766	2.101485	7.000000
57.976732	2.101476	5.000000
58.037694	2.101547	12.000000
58.089663	2.101587	11.000000
58.149625	2.101697	11.000000
58.208592	2.101619	11.000000
58.256562	2.101569	6.000000
58.316525	2.101599	6.000000
58.367496	2.101550	10.000000
58.428457	2.101482	11.000000
58.489418	2.101353	7.000000
58.549380	2.101445	12.000000
58.600347	2.101399	9.000000
58.658311	2.101286	14.000000
58.719274	2.101334	9.000000
58.780237	2.101347	7.000000
58.828207	2.101340	6.000000
58.912154	2.101372	9.000000
58.962125	2.101372	9.000000
59.021093	2.101273	7.000000
59.070068	2.101297	9.000000
59.119028	2.101320	6.000000
59.168997	2.101357	15.000000
59.226961	2.101344	5.000000
59.275929	2.101353	11.000000
59.324901	2.101381	4.000000
59.375869	2.101457	6.000000
59.424839	2.101477	5.000000
59.472808	2.101448	2.000000
59.555758	2.101392	5.000000
59.604727	2.101405	8.000000
59.653697	2.101442	6.000000
59.702673	2.101494	5.000000
59.750637	2.101588	3.000000
59.831587	2.101572	2.000000
59.891551	2.101384	7.000000
59.941523	2.101346	5.000000
60.002481	2.101364	4.000000
60.060450	2.101352	7.000000
60.121413	2.101295	4.000000
60.181377	2.101411	6.000000
60.230343	2.101427	3.000000
60.291304	2.101300	5.000000
60.349267	2.101399	7.000000
60.408232	2.101331	3.000000
60.469194	2.101381	7.000000
60.517166	2.101389	6.000000
60.600113	2.101404	5.000000
60.657082	2.101324	8.000000
60.715045	2.101414	4.000000
60.776008	2.101343	5.000000
60.825977	2.101340	9.000000
60.886936	2.101337	4.000000
60.944900	2.101370	5.000000
61.004863	2.101332	2.000000
61.065825	2.101422	4.000000
61.114795	2.101436	7.000000
61.169761	2.101363	5.000000
61.219730	2.101373	12.000000
61.268701	2.101361	1.000000
61.326664	2.101373	6.000000
61.387655	2.101384	8.000000
61.435626	2.101384	4.000000
61.515577	2.101439	5.000000
61.566545	2.101456	7.000000
61.624509	2.101343	3.000000
61.684473	2.101411	8.000000
61.733441	2.101430	7.000000
61.793405	2.101384	3.000000
61.843374	2.101370	4.000000
61.904336	2.101366	5.000000
61.964300	2.101447	6.000000
62.013269	2.101460	4.000000
62.097218	2.101460	6.000000
62.157181	2.101350	7.000000
62.215145	2.101462	10.000000
62.276107	2.101364	5.000000
62.326076	2.101376	4.000000
62.388038	2.101401	2.000000
62.445003	2.101428	1.000000
62.505965	2.101381	5.000000
62.565928	2.101494	5.000000
62.615898	2.101501	9.000000
62.677858	2.101443	9.000000
62.735823	2.101443	8.000000
62.794787	2.101442	6.000000
62.854750	2.101382	12.000000
62.904719	2.101381	15.000000
62.965682	2.101482	5.000000
63.025645	2.101379	9.000000
63.086607	2.101457	11.000000
63.146570	2.101482	13.000000
63.196538	2.101498	5.000000
63.256502	2.101390	7.000000
63.312470	2.101483	12.000000
63.372430	2.101405	5.000000
63.432396	2.101532	7.000000
63.481363	2.101527	9.000000
63.564312	2.101537	15.000000
63.621277	2.101425	12.000000
63.680240	2.101547	9.000000
63.740203	2.101422	6.000000
63.790173	2.101422	15.000000
63.850135	2.101549	8.000000
63.907180	2.101456	7.000000
63.968147	2.101535	11.000000
64.029107	2.101532	6.000000
64.080075	2.101550	9.000000
64.138040	2.101471	9.000000
64.195005	2.101512	6.000000
64.254968	2.101491	9.000000
64.314930	2.101601	7.000000
64.363901	2.101588	10.000000
64.424862	2.101488	11.000000
64.481827	2.101614	10.000000
64.544789	2.101512	6.000000
64.605751	2.101491	8.000000
64.655720	2.101524	11.000000
64.719680	2.101576	12.000000
64.769650	2.101573	10.000000
64.827614	2.101553	11.000000
64.888577	2.101552	13.000000
64.936546	2.101564	8.000000
65.020497	2.101607	16.000000
65.080458	2.101637	21.000000
65.140421	2.101552	12.000000
65.200384	2.101694	9.000000
65.250353	2.101678	13.000000
65.334301	2.101653	12.000000
65.393265	2.101587	11.000000
65.452229	2.101636	18.000000
65.513190	2.101686	10.000000
65.561161	2.101683	12.000000
65.623122	2.101590	17.000000
65.679088	2.101691	17.000000
65.739051	2.101631	13.000000
65.796016	2.101701	16.000000
65.845985	2.101677	20.000000
65.905951	2.101657	15.000000
65.960947	2.101643	12.000000
66.020912	2.101634	15.000000
66.080873	2.101756	13.000000
66.129841	2.101747	12.000000
66.210794	2.101720	15.000000
66.269787	2.101709	18.000000
66.319761	2.101717	13.000000
66.380722	2.101776	12.000000
66.441681	2.101678	18.000000
66.492650	2.101698	12.000000
66.547615	2.101828	9.000000
66.606579	2.101720	14.000000
66.665542	2.101834	9.000000
66.725505	2.101735	14.000000
66.775475	2.101749	14.000000
66.833439	2.101802	17.000000
66.892402	2.101724	13.000000
66.946370	2.101846	18.000000
67.007331	2.101743	11.000000
67.057300	2.101744	12.000000
67.114265	2.101860	13.000000
67.170231	2.101819	12.000000
67.230194	2.101886	7.000000
67.291157	2.101817	11.000000
67.340126	2.101816	12.000000
67.401157	2.101947	21.000000
67.455123	2.101903	9.000000
67.516236	2.102003	10.000000
67.576198	2.101918	12.000000
67.626168	2.101910	9.000000
67.677137	2.101918	7.000000
67.734101	2.102039	11.000000
67.795064	2.101917	14.000000
67.856027	2.101868	12.000000
67.905996	2.101846	15.000000
67.965958	2.101895	8.000000
68.022923	2.101804	10.000000
68.083886	2.101904	9.000000
68.143849	2.101865	12.000000
68.193818	2.101857	4.000000
68.252781	2.101892	9.000000
68.312750	2.101903	6.000000
68.372713	2.101855	13.000000
68.432671	2.101939	9.000000
68.482642	2.101944	8.000000
68.541603	2.101842	8.000000
68.594571	2.101863	9.000000
68.642541	2.101852	10.000000
68.693510	2.101906	5.000000
68.751475	2.101888	9.000000
68.801446	2.101932	5.000000
68.852411	2.101952	8.000000
68.912377	2.101923	8.000000
68.972338	2.101900	2.000000
69.032306	2.101968	9.000000
69.087267	2.101926	4.000000
69.136238	2.101936	7.000000
69.196200	2.101939	8.000000
69.252168	2.101959	7.000000
69.312130	2.101971	6.000000
69.372096	2.101964	4.000000
69.421060	2.102016	14.000000
69.480025	2.102101	4.000000
69.528994	2.102026	2.000000
69.581961	2.102071	5.000000
69.636930	2.101987	9.000000
69.684897	2.102014	5.000000
69.744862	2.102007	12.000000
69.801826	2.102084	8.000000
69.861788	2.102034	4.000000
69.919756	2.102081	2.000000
69.970722	2.102101	4.000000
70.029687	2.102122	9.000000
70.079653	2.102101	6.000000
70.145616	2.102124	7.000000
70.206578	2.102049	7.000000
70.257545	2.102071	5.000000
70.318507	2.102168	3.000000
70.368522	2.102173	6.000000
70.424564	2.102055	6.000000
70.481530	2.102184	5.000000
70.530495	2.102219	5.000000
70.581464	2.102216	4.000000
70.639427	2.102136	3.000000
70.699394	2.102266	2.000000
70.760382	2.102151	7.000000
70.808351	2.102159	6.000000
70.892310	2.102211	4.000000
70.949269	2.102336	2.000000
71.010229	2.102219	6.000000
71.071192	2.102249	3.000000
71.121161	2.102272	5.000000
71.182124	2.102383	0.000000
71.237086	2.102304	10.000000
71.297053	2.102330	10.000000
71.357018	2.102214	3.000000
71.407981	2.102235	1.000000
71.469071	2.102328	2.000000
71.522038	2.102255	1.000000
71.583001	2.102327	3.000000
71.643963	2.102193	9.000000
71.692934	2.102165	4.000000
71.752896	2.102229	5.000000
71.804864	2.102214	7.000000
71.866859	2.102327	5.000000
71.927821	2.102280	4.000000
71.977794	2.102361	7.000000
72.037755	2.102406	3.000000
72.086723	2.102417	9.000000
72.137692	2.102431	5.000000
72.196658	2.102472	9.000000
72.246630	2.102493	2.000000
72.306593	2.102422	7.000000
72.357646	2.102443	8.000000
72.417608	2.102542	11.000000
72.482573	2.102551	6.000000
72.545529	2.102414	7.000000
72.595498	2.102457	12.000000
72.644468	2.102420	9.000000
72.725418	2.102406	10.000000
72.781387	2.102472	10.000000
72.841347	2.102370	8.000000
72.901310	2.102464	5.000000
72.951283	2.102501	13.000000
73.011241	2.102446	10.000000
73.067210	2.102512	6.000000
73.126170	2.102405	14.000000
73.186134	2.102452	11.000000
73.236103	2.102463	6.000000
73.297065	2.102458	8.000000
73.356029	2.102377	11.000000
73.415992	2.102493	8.000000
73.476955	2.102354	4.000000
73.529922	2.102409	6.000000
73.590885	2.102365	14.000000
73.646979	2.102463	10.000000
73.706942	2.102382	9.000000
73.768904	2.102489	10.000000
73.819873	2.102493	14.000000
73.880835	2.102480	18.000000
73.935802	2.102486	11.000000
73.994765	2.102414	12.000000
74.049730	2.102492	12.000000
74.098701	2.102493	16.000000
74.180650	2.102513	13.000000
74.234618	2.102550	13.000000
74.293581	2.102501	13.000000
74.355571	2.102530	9.000000
74.404542	2.102539	10.000000
74.465506	2.102602	11.000000
74.524468	2.102492	10.000000
74.576434	2.102512	22.000000
74.634401	2.102577	13.000000
74.683368	2.102602	12.000000
74.767318	2.102615	11.000000
74.825282	2.102521	13.000000
74.885246	2.102618	11.000000
74.945209	2.102556	8.000000
74.996176	2.102582	5.000000
75.054139	2.102585	6.000000
75.110104	2.102563	11.000000
75.170068	2.102629	10.000000
75.230031	2.102669	15.000000
75.279000	2.102678	21.000000
75.367946	2.102736	8.000000
75.416914	2.102740	15.000000
75.500863	2.102731	14.000000
75.559826	2.102634	15.000000
75.608796	2.102628	8.000000
75.670757	2.102727	13.000000
75.717730	2.102737	13.000000
75.766699	2.102771	13.000000
75.825665	2.102664	3.000000
75.882656	2.102788	7.000000
75.942619	2.102689	9.000000
76.002582	2.102762	6.000000
76.051551	2.102800	7.000000
76.113513	2.102753	5.000000
76.163482	2.102762	14.000000
76.214451	2.102751	8.000000
76.274415	2.102690	9.000000
76.335377	2.102806	9.000000
76.384346	2.102811	5.000000
76.444310	2.102719	9.000000
76.494278	2.102724	11.000000
76.551243	2.102843	7.000000
76.602212	2.102811	15.000000
76.652181	2.102829	3.000000
76.713143	2.102773	8.000000
76.771108	2.102803	12.000000
76.833069	2.102847	5.000000
76.894032	2.102754	6.000000
76.944001	2.102759	9.000000
77.003963	2.102841	9.000000
77.061928	2.102789	5.000000
77.122890	2.102783	5.000000
77.181854	2.102861	7.000000
77.231823	2.102878	4.000000
77.291786	2.102794	9.000000
77.348750	2.102890	7.000000
77.407713	2.102815	2.000000
77.467751	2.102924	8.000000
77.518723	2.102942	7.000000
77.576687	2.102866	6.000000
77.630653	2.102914	5.000000
77.691619	2.102840	4.000000
77.752578	2.102969	6.000000
77.801548	2.102956	3.000000
77.861511	2.102829	4.000000
77.913482	2.102885	2.000000
77.973445	2.102835	6.000000
78.029410	2.102895	6.000000
78.080376	2.102904	4.000000
78.140339	2.102852	2.000000
78.196306	2.102893	2.000000
78.256299	2.102893	3.000000
78.318257	2.102995	5.000000
78.366228	2.103021	5.000000
78.433351	2.103029	6.000000
78.484323	2.103036	4.000000
78.546281	2.102931	2.000000
78.596250	2.102940	6.000000
78.644220	2.102934	1.000000
78.726170	2.102937	1.000000
78.775139	2.102934	3.000000
78.836130	2.103062	4.000000
78.896093	2.103011	5.000000
78.946062	2.103012	6.000000
79.007024	2.103011	2.000000
79.056993	2.102994	3.000000
79.118955	2.103148	4.000000
79.179917	2.103078	7.000000
79.228887	2.103088	4.000000
79.289849	2.103111	3.000000
79.339819	2.103137	3.000000
79.400783	2.103232	4.000000
79.461744	2.103137	4.000000
79.511713	2.103146	8.000000
79.572675	2.103171	3.000000
79.622644	2.103188	4.000000
79.672614	2.103206	4.000000
79.732576	2.103278	7.000000
79.793538	2.103178	4.000000
79.841509	2.103200	4.000000
79.902472	2.103333	2.000000
79.960436	2.103235	2.000000
80.022398	2.103320	3.000000
80.084360	2.103398	3.000000
80.132330	2.103383	5.000000
80.214325	2.103384	5.000000
80.272290	2.103323	2.000000
80.328254	2.103323	5.000000
80.387218	2.103394	5.000000
80.435187	2.103432	6.000000
80.518137	2.103438	2.000000
80.576101	2.103293	8.000000
80.636063	2.103381	8.000000
80.696026	2.103299	4.000000
80.743997	2.103293	3.000000
80.803959	2.103345	3.000000
80.861924	2.103294	3.000000
80.920888	2.103377	6.000000
80.980850	2.103392	4.000000
81.030819	2.103383	1.000000
81.080791	2.103429	6.000000
81.136755	2.103436	5.000000
81.194721	2.103387	4.000000
81.254687	2.103448	2.000000
81.305652	2.103456	4.000000
81.366613	2.103506	6.000000
81.421578	2.103494	9.000000
81.482542	2.103532	6.000000
81.532509	2.103560	3.000000
81.581479	2.103526	6.000000
81.641446	2.103450	5.000000
81.689413	2.103465	5.000000
81.749378	2.103537	9.000000
81.798349	2.103513	9.000000
81.854314	2.103514	7.000000
81.921271	2.103525	9.000000
81.976242	2.103456	3.000000
82.026209	2.103452	10.000000
82.082171	2.103542	6.000000
82.138137	2.103542	9.000000
82.197101	2.103522	7.000000
82.257064	2.103560	5.000000
82.307033	2.103566	9.000000
82.366995	2.103635	6.000000
82.417963	2.103650	8.000000
82.467932	2.103650	9.000000
82.527895	2.103542	10.000000
82.586860	2.103644	7.000000
82.636829	2.103676	6.000000
82.697790	2.103600	9.000000
82.752757	2.103680	5.000000
82.813719	2.103648	11.000000
82.874681	2.103606	7.000000
82.924651	2.103632	13.000000
82.986613	2.103728	9.000000
83.045576	2.103603	8.000000
83.097545	2.103668	7.000000
83.158506	2.103625	4.000000
83.208476	2.103656	6.000000
83.269438	2.103763	8.000000
83.325405	2.103697	15.000000
83.385366	2.103809	6.000000
83.444330	2.103731	9.000000
83.493301	2.103732	9.000000
83.547266	2.103842	7.000000
83.601233	2.103851	11.000000
83.661197	2.103748	13.000000
83.721159	2.103839	6.000000
83.770135	2.103854	5.000000
83.828093	2.103761	5.000000
83.879061	2.103764	5.000000
83.940026	2.103773	7.000000
84.000986	2.103836	5.000000
84.049955	2.103806	9.000000
84.110919	2.103693	10.000000
84.160891	2.103703	7.000000
84.221849	2.103787	10.000000
84.279814	2.103761	12.000000
84.330785	2.103754	7.000000
84.391746	2.103737	12.000000
84.448804	2.103777	9.000000
84.508772	2.103732	12.000000
84.570729	2.103860	7.000000
84.619701	2.103882	9.000000
84.680664	2.103868	5.000000
84.739627	2.103877	1.000000
84.797588	2.103885	6.000000
84.854557	2.103958	3.000000
84.903523	2.103970	14.000000
84.964486	2.103905	11.000000
85.021451	2.103946	9.000000
85.082413	2.103923	10.000000
85.143375	2.103879	8.000000
85.193344	2.103911	6.000000
85.248310	2.103993	9.000000
85.304276	2.104019	5.000000
85.369235	2.104010	7.000000
85.431197	2.103943	5.000000
85.478168	2.103972	8.000000
85.559118	2.103975	9.000000
85.613085	2.103992	9.000000
85.673048	2.103989	5.000000
85.733011	2.104010	9.000000
85.781981	2.103981	8.000000
85.862930	2.103944	9.000000
85.923892	2.103931	6.000000
85.984863	2.104031	3.000000
86.041821	2.103984	13.000000
86.091790	2.104007	8.000000
86.173804	2.104031	6.000000
86.231768	2.104066	9.000000
86.291724	2.104019	5.000000
86.350687	2.104164	11.000000
86.399658	2.104158	7.000000
86.460652	2.104044	6.000000
86.516622	2.104140	7.000000
86.578578	2.104047	9.000000
86.638542	2.104071	4.000000
86.688511	2.104097	9.000000
86.747474	2.104016	5.000000
86.802441	2.104105	9.000000
86.862405	2.104079	7.000000
86.923365	2.104137	4.000000
86.972335	2.104189	7.000000
87.032298	2.104196	9.000000
87.083266	2.104239	7.000000
87.142231	2.104134	8.000000
87.201193	2.104230	6.000000
87.250165	2.104225	6.000000
87.310127	2.104095	3.000000
87.367095	2.104196	7.000000
87.435049	2.104176	6.000000
87.495012	2.104053	8.000000
87.544981	2.104044	6.000000
87.595950	2.104092	2.000000
87.644919	2.104082	8.000000
87.692892	2.104071	5.000000
87.747855	2.104144	2.000000
87.807818	2.104089	4.000000
87.857788	2.104099	6.000000
87.917751	2.104207	9.000000
87.978713	2.104099	4.000000
88.026685	2.104115	4.000000
88.078678	2.104135	0.000000
88.129647	2.104176	2.000000
88.190609	2.104231	3.000000
88.251616	2.104353	5.000000
88.299585	2.104424	3.000000
88.380536	2.104359	3.000000
88.432504	2.104320	6.000000
88.492469	2.104274	3.000000
88.549432	2.104381	3.000000
88.599400	2.104387	5.000000
88.653369	2.104469	5.000000
88.712358	2.104359	0.000000
88.773322	2.104456	9.000000
88.834284	2.104483	1.000000
88.884254	2.104491	3.000000
88.944216	2.104433	2.000000
89.003179	2.104562	6.000000
89.070138	2.104567	7.000000
89.122110	2.104555	2.000000
89.171075	2.104570	4.000000
89.231038	2.104495	5.000000
89.290003	2.104546	3.000000
89.349965	2.104532	3.000000
89.410929	2.104454	2.000000
89.459898	2.104474	0.000000
89.522888	2.104578	3.000000
89.580851	2.104532	2.000000
89.640814	2.104631	5.000000
89.700777	2.104758	3.000000
89.749747	2.104738	3.000000
89.809711	2.104680	5.000000
89.867674	2.104814	4.000000
89.928637	2.104680	5.000000
89.990598	2.104768	6.000000
90.038568	2.104811	5.000000
90.122520	2.104797	2.000000
90.180481	2.104729	3.000000
90.241443	2.104765	2.000000
90.296410	2.104736	7.000000
90.347378	2.104739	9.000000
90.406343	2.104779	8.000000
90.462309	2.104729	3.000000
90.522270	2.104787	4.000000
90.583233	2.104834	2.000000
90.632203	2.104810	5.000000
90.692165	2.104759	5.000000
90.749134	2.104836	1.000000
90.805096	2.104881	4.000000
90.866058	2.104825	3.000000
90.914040	2.104842	5.000000
90.994982	2.104817	10.000000
91.052946	2.104927	7.000000
91.102912	2.104948	9.000000
91.162875	2.104842	10.000000
91.212844	2.104846	8.000000
91.273806	2.104912	2.000000
91.328904	2.104843	6.000000
91.384868	2.104948	7.000000
91.445830	2.104813	3.000000
91.494800	2.104816	3.000000
91.550794	2.104912	8.000000
91.606761	2.104863	7.000000
91.667722	2.104887	2.000000
91.723687	2.104878	11.000000
91.773656	2.104887	4.000000
91.833654	2.104877	7.000000
91.892583	2.104822	3.000000
91.951569	2.104918	3.000000
92.011633	2.104810	6.000000
92.061601	2.104802	6.000000
92.122565	2.104913	7.000000
92.179585	2.104855	4.000000
92.239602	2.104918	9.000000
92.299550	2.104955	7.000000
92.349551	2.104910	4.000000
92.410513	2.104872	5.000000
92.469476	2.104977	8.000000
92.530438	2.104871	9.000000
92.583406	2.104974	4.000000
92.631377	2.104910	8.000000
92.712332	2.104861	3.000000
92.770321	2.104958	3.000000
92.831284	2.104840	6.000000
92.892248	2.104869	9.000000
92.942216	2.104871	6.000000
93.003178	2.104944	4.000000
93.061147	2.104843	15.000000
93.124106	2.104889	7.000000
93.185111	2.104959	9.000000
93.235079	2.105003	6.000000
93.297042	2.104977	15.000000
93.348008	2.104970	10.000000
93.407973	2.104976	8.000000
93.454945	2.105048	12.000000
93.513906	2.105028	5.000000
93.572869	2.105095	5.000000
93.632832	2.105095	7.000000
93.681805	2.105035	9.000000
93.740774	2.104996	2.000000
93.794732	2.104955	8.000000
93.855695	2.105086	8.000000
93.914663	2.105051	7.000000
93.965628	2.105095	9.000000
94.025589	2.105136	10.000000
94.091549	2.105203	3.000000
94.152511	2.105280	6.000000
94.212474	2.105170	6.000000
94.263443	2.105202	9.000000
94.323406	2.105229	2.000000
94.380370	2.105133	3.000000
94.441333	2.105144	7.000000
94.501296	2.105153	2.000000
94.549266	2.105112	5.000000
94.604232	2.105127	2.000000
94.659202	2.105029	3.000000
94.719162	2.105124	2.000000
94.777133	2.105019	9.000000
94.827095	2.105058	4.000000
94.887059	2.105174	7.000000
94.941026	2.105138	7.000000
95.000988	2.105214	6.000000
95.061952	2.105106	9.000000
95.111918	2.105128	4.000000
95.196869	2.105148	6.000000
95.249835	2.105179	3.000000
95.308798	2.105173	1.000000
95.368766	2.105276	4.000000
95.417729	2.105249	6.000000
95.475698	2.105177	6.000000
95.529662	2.105147	2.000000
95.590625	2.105229	9.000000
95.651597	2.105244	3.000000
95.698558	2.105208	3.000000
95.757523	2.105179	4.000000
95.815615	2.105212	9.000000
95.875577	2.105150	2.000000
95.936540	2.105249	2.000000
95.985510	2.105254	4.000000
96.047471	2.105170	1.000000
96.105436	2.105270	4.000000
96.164399	2.105212	4.000000
96.223363	2.105257	4.000000
96.272333	2.105299	3.000000
96.334294	2.105301	3.000000
96.391259	2.105272	4.000000
96.451222	2.105307	1.000000
96.507187	2.105330	5.000000
96.559155	2.105231	3.000000
96.619118	2.105324	3.000000
96.675084	2.105264	6.000000
96.735047	2.105330	5.000000
96.796010	2.105232	2.000000
96.844979	2.105231	0.000000
96.904943	2.105360	3.000000
96.963905	2.105255	3.000000
97.023898	2.105339	3.000000
97.080861	2.105257	2.000000
97.129831	2.105238	3.000000
97.191792	2.105309	2.000000
97.248757	2.105295	4.000000
97.309719	2.105284	3.000000
97.370681	2.105365	6.000000
97.419651	2.105367	6.000000
97.481614	2.105276	2.000000
97.533581	2.105307	5.000000
97.590546	2.105321	3.000000
97.651509	2.105338	4.000000
97.700479	2.105344	4.000000
97.760441	2.105267	2.000000
97.814408	2.105301	3.000000
97.875371	2.105331	3.000000
97.935333	2.105405	6.000000
97.984303	2.105379	4.000000
98.049263	2.105299	4.000000
98.100232	2.105348	9.000000
98.168190	2.105394	2.000000
98.230151	2.105298	1.000000
98.280121	2.105293	8.000000
98.341083	2.105367	5.000000
98.391052	2.105367	2.000000
98.451017	2.105354	1.000000
98.510978	2.105273	1.000000
98.560947	2.105296	6.000000
98.622967	2.105392	1.000000
98.677939	2.105292	3.000000
98.737899	2.105423	2.000000
98.794864	2.105316	6.000000
98.844831	2.105341	6.000000
98.904794	2.105443	5.000000
98.960758	2.105379	3.000000
99.020725	2.105492	9.000000
99.079686	2.105417	7.000000
99.129654	2.105396	3.000000
99.189620	2.105501	8.000000
99.243587	2.105440	3.000000
99.327535	2.105444	5.000000
99.386543	2.105556	7.000000
99.434511	2.105557	8.000000
99.518461	2.105513	4.000000
99.566430	2.105550	6.000000
99.651381	2.105554	4.000000
99.712435	2.105486	2.000000
99.762404	2.105481	2.000000
99.822367	2.105574	1.000000
99.881330	2.105476	6.000000
99.942293	2.105545	6.000000
100.003255	2.105595	4.000000
100.052229	2.105600	5.000000
100.137173	2.105591	6.000000
100.194138	2.105502	4.000000
100.253102	2.105598	2.000000
100.313064	2.105495	5.000000
100.363033	2.105464	4.000000
100.422996	2.105566	2.000000
100.479961	2.105476	3.000000
100.545921	2.105545	2.000000
100.594921	2.105466	2.000000
100.654981	2.105582	1.000000
100.704952	2.105597	5.000000
100.765004	2.105470	5.000000
100.814973	2.105463	7.000000
100.875967	2.105528	5.000000
100.933933	2.105566	3.000000
100.983901	2.105515	2.000000
101.045860	2.105482	4.000000
101.096829	2.105470	6.000000
101.145798	2.105478	4.000000
101.205764	2.105579	4.000000
101.257733	2.105531	7.000000
101.315697	2.105505	1.000000
101.375661	2.105504	4.000000
101.425628	2.105518	9.000000
101.485592	2.105571	5.000000
101.533558	2.105528	3.000000
101.618509	2.105582	10.000000
101.679501	2.105531	4.000000
101.729469	2.105595	5.000000
101.790432	2.105873	4.000000
101.848586	2.105829	3.000000
101.908549	2.105881	6.000000
101.968558	2.105923	2.000000
102.018532	2.105888	2.000000
102.077523	2.105753	5.000000
102.136489	2.105881	7.000000
102.195452	2.105769	5.000000
102.253418	2.105882	5.000000
102.301385	2.105870	3.000000
102.382334	2.105815	7.000000
102.440333	2.105820	7.000000
102.500299	2.105814	3.000000
102.557262	2.105824	5.000000
102.606231	2.105875	7.000000
102.666198	2.105806	1.000000
102.726185	2.105833	3.000000
102.787147	2.105887	3.000000
102.846114	2.105791	2.000000
102.895080	2.105762	1.000000
102.954048	2.105884	8.000000
103.011018	2.105795	5.000000
103.070010	2.105899	3.000000
103.134934	2.105881	2.000000
103.182908	2.105841	2.000000
103.242872	2.105800	3.000000
103.292836	2.105823	4.000000
103.352801	2.105879	5.000000
103.406789	2.105865	4.000000
103.454762	2.105872	3.000000
103.537766	2.105901	4.000000
103.588734	2.105867	2.000000
103.648697	2.105794	7.000000
103.708660	2.105836	3.000000
103.770652	2.105894	4.000000
103.827616	2.105801	3.000000
103.877602	2.105820	3.000000
103.937548	2.105901	5.000000
103.998510	2.105792	1.000000
104.059560	2.105849	5.000000
104.121520	2.105902	5.000000
104.169488	2.105911	4.000000
104.252437	2.105907	4.000000
104.311434	2.105801	4.000000
104.372397	2.105936	2.000000
104.433358	2.105829	0.000000
104.483328	2.105821	4.000000
104.541297	2.105902	7.000000
104.591262	2.105891	7.000000
104.640232	2.105913	5.000000
104.700194	2.105838	3.000000
104.754161	2.105898	3.000000
104.814124	2.105775	3.000000
104.875114	2.105878	1.000000
104.925086	2.105891	3.000000
104.985047	2.105847	4.000000
105.039013	2.105902	3.000000
105.089981	2.105873	4.000000
105.150944	2.105850	1.000000
105.199914	2.105838	0.000000
105.259877	2.105833	1.000000
105.312845	2.105798	3.000000
105.372807	2.105913	4.000000
105.432774	2.105844	5.000000
105.480741	2.105806	2.000000
105.564689	2.105811	3.000000
105.616656	2.105829	2.000000
105.677619	2.105852	3.000000
105.737586	2.105937	5.000000
105.786553	2.105940	1.000000
105.846518	2.105815	4.000000
105.896486	2.105835	5.000000
105.957447	2.105942	2.000000
106.017414	2.105896	6.000000
106.065379	2.105879	1.000000
106.151327	2.105925	3.000000
106.200296	2.105902	3.000000
106.258261	2.105893	4.000000
106.317225	2.105931	5.000000
106.367195	2.105896	2.000000
106.427159	2.105930	3.000000
106.484125	2.105940	0.000000
106.544085	2.105939	2.000000
106.594054	2.105934	1.000000
106.642023	2.105943	1.000000
106.700988	2.106003	3.000000
106.750957	2.105951	1.000000
106.837905	2.106044	4.000000
106.897865	2.105933	1.000000
106.957829	2.105997	3.000000
107.016792	2.105971	3.000000
107.064762	2.105898	2.000000
107.122727	2.105995	4.000000
107.181694	2.105908	4.000000
107.242653	2.105963	2.000000
107.303644	2.105975	3.000000
107.351619	2.105986	1.000000
107.435562	2.105962	2.000000
107.495525	2.105919	3.000000
107.550494	2.105959	7.000000
107.612453	2.105894	4.000000
107.661423	2.105920	3.000000
107.722385	2.106024	2.000000
107.778350	2.105917	1.000000
107.838382	2.106015	5.000000
107.899337	2.105919	7.000000
107.949306	2.105916	3.000000
108.011268	2.105952	2.000000
108.066262	2.105930	3.000000
108.128224	2.105963	3.000000
108.188186	2.106023	3.000000
108.235157	2.106024	7.000000
108.322103	2.106018	3.000000
108.375070	2.105969	3.000000
108.437106	2.105992	4.000000
108.495075	2.105899	4.000000
108.551035	2.105936	6.000000
108.611999	2.105884	3.000000
108.662976	2.105884	3.000000
108.722928	2.106012	3.000000
108.780892	2.105887	2.000000
108.830861	2.105894	0.000000
108.890824	2.105992	3.000000
108.948788	2.105902	4.000000
109.009751	2.105984	2.000000
109.071712	2.106018	3.000000
109.121682	2.106010	2.000000
109.183643	2.105928	3.000000
109.241609	2.106018	4.000000
109.301572	2.105969	8.000000
109.361534	2.105962	2.000000
109.409504	2.105989	3.000000
109.470467	2.106023	2.000000
109.529429	2.105963	4.000000
109.577402	2.105960	3.000000
109.662354	2.105943	3.000000
109.710318	2.105962	6.000000
109.796269	2.105949	6.000000
109.856229	2.106061	7.000000
109.917247	2.105969	1.000000
109.978209	2.105984	4.000000
110.025180	2.105994	4.000000
110.087170	2.106055	2.000000
110.136142	2.106058	2.000000
110.196102	2.105991	1.000000
110.256065	2.106100	6.000000
110.306034	2.106079	2.000000
110.365997	2.105991	0.000000
110.422962	2.106079	3.000000
110.483924	2.106000	4.000000
110.547885	2.106023	1.000000
110.596854	2.105989	6.000000
110.656817	2.106093	1.000000
110.713782	2.105980	0.000000
110.764751	2.106010	3.000000
110.825714	2.106088	9.000000
110.886676	2.106081	2.000000
110.936646	2.106078	5.000000
110.995615	2.106038	4.000000
111.045579	2.106059	3.000000
111.096565	2.106073	1.000000
111.156529	2.106152	5.000000
111.204501	2.106166	1.000000
111.287452	2.106157	8.000000
111.336419	2.106145	0.000000
111.396382	2.106055	0.000000
111.454346	2.106157	3.000000
111.503317	2.106152	5.000000
111.564278	2.106052	8.000000
111.621243	2.106154	5.000000
111.682206	2.106030	4.000000
111.743169	2.106133	8.000000
111.793138	2.106151	2.000000
111.854101	2.106149	1.000000
111.913065	2.106071	4.000000
111.980024	2.106061	3.000000
112.043984	2.106169	3.000000
112.091953	2.106136	2.000000
112.174904	2.106163	7.000000
112.226870	2.106129	4.000000
112.287835	2.106175	5.000000
112.347795	2.106061	5.000000
112.396765	2.106064	4.000000
112.455728	2.106189	4.000000
112.507696	2.106184	3.000000
112.568660	2.106099	5.000000
112.625624	2.106190	4.000000
112.673594	2.106168	4.000000
112.732557	2.106087	4.000000
112.784528	2.106119	0.000000
112.844488	2.106148	2.000000
112.905451	2.106201	5.000000
112.953421	2.106206	5.000000
113.014383	2.106105	2.000000
113.063353	2.106108	0.000000
113.147305	2.106116	1.000000
113.203266	2.106181	2.000000
113.251237	2.106166	3.000000
113.333187	2.106133	4.000000
113.385155	2.106148	3.000000
113.444121	2.106148	3.000000
113.504086	2.106197	6.000000
113.567044	2.106108	1.000000
113.618013	2.106154	3.000000
113.667982	2.106142	3.000000
113.726945	2.106145	4.000000
113.786911	2.106204	1.000000
113.836877	2.106212	6.000000
113.896843	2.106120	2.000000
113.945814	2.106139	4.000000
114.005774	2.106223	2.000000
114.066733	2.106126	5.000000
114.116703	2.106126	1.000000
114.176667	2.106155	2.000000
114.235631	2.106151	1.000000
114.295595	2.106110	4.000000
114.355555	2.106229	9.000000
114.403526	2.106215	2.000000
114.488474	2.106190	6.000000
114.547437	2.106158	4.000000
114.597405	2.106137	2.000000
114.657372	2.106219	3.000000
114.707341	2.106242	3.000000
114.758307	2.106241	2.000000
114.819270	2.106163	5.000000
114.874235	2.106224	5.000000
114.935197	2.106158	7.000000
114.995160	2.106140	1.000000
115.046130	2.106180	1.000000
115.097097	2.106133	1.000000
115.150065	2.106122	2.000000
115.206030	2.106230	1.000000
115.265994	2.106131	5.000000
115.313963	2.106128	4.000000
115.397917	2.106125	4.000000
115.450881	2.106137	3.000000
115.510847	2.106204	4.000000
115.572805	2.106235	3.000000
115.622775	2.106238	2.000000
115.682738	2.106134	3.000000
115.740702	2.106210	1.000000
115.794668	2.106166	1.000000
115.853633	2.106203	3.000000
115.903602	2.106184	2.000000
115.964566	2.106108	4.000000
116.019531	2.106184	4.000000
116.080497	2.106146	3.000000
116.141454	2.106226	6.000000
116.190425	2.106224	7.000000
116.250389	2.106096	3.000000
116.304355	2.106149	2.000000
116.364321	2.106015	4.000000
116.423278	2.106140	2.000000
116.471250	2.106122	3.000000
116.556197	2.106131	2.000000
116.609164	2.106114	3.000000
116.659133	2.106100	4.000000
116.719096	2.106104	3.000000
116.779062	2.106061	9.000000
116.839025	2.106163	7.000000
116.900021	2.106058	2.000000
116.949990	2.106093	2.000000
117.009953	2.106207	7.000000
117.071914	2.106226	0.000000
117.126880	2.106242	2.000000
117.186844	2.106201	1.000000
117.236814	2.106198	1.000000
117.295778	2.106177	2.000000
117.355741	2.106230	0.000000
117.416703	2.106030	4.000000
117.476669	2.106068	3.000000
117.527635	2.106058	4.000000
117.588596	2.106093	4.000000
117.645566	2.106036	7.000000
117.705529	2.106125	6.000000
117.764489	2.106047	5.000000
117.813462	2.106084	6.000000
117.874420	2.106180	2.000000
117.930390	2.106093	1.000000
117.990348	2.106235	4.000000
118.049313	2.106197	0.000000
118.100287	2.106230	3.000000
118.160340	2.106302	2.000000
118.216303	2.106206	2.000000
118.277294	2.106299	2.000000
118.337256	2.106241	4.000000
118.386226	2.106223	3.000000
118.447188	2.106137	3.000000
118.501155	2.106108	6.000000
118.561118	2.106131	1.000000
118.613086	2.106119	3.000000
118.662056	2.106128	1.000000
118.721019	2.106186	7.000000
118.772987	2.106195	5.000000
118.827956	2.106171	5.000000
118.887916	2.106204	1.000000
118.937885	2.106151	2.000000
118.995850	2.106131	3.000000
119.053813	2.106136	5.000000
119.104782	2.106175	5.000000
119.165745	2.106088	6.000000
119.214715	2.106096	4.000000
119.273709	2.106197	5.000000
119.326677	2.106181	2.000000
119.387638	2.106148	1.000000
119.448628	2.106076	3.000000
119.497598	2.106087	3.000000
119.562558	2.106189	3.000000
119.613526	2.106097	4.000000
119.673490	2.106200	5.000000
119.734452	2.106108	5.000000
119.782423	2.106087	3.000000
119.842385	2.106177	3.000000
119.899350	2.106076	2.000000
119.958313	2.106190	2.000000
120.018419	2.106067	3.000000
120.070389	2.106100	4.000000
120.130350	2.106013	3.000000
120.188385	2.106076	3.000000
120.248348	2.106026	3.000000
120.308311	2.106081	1.000000
120.358279	2.106036	2.000000
120.419241	2.105963	4.000000
120.477297	2.106079	2.000000
120.538250	2.106026	3.000000
120.596216	2.106047	3.000000
120.645189	2.106044	3.000000
120.702151	2.106020	3.000000
120.761118	2.106065	9.000000
120.820077	2.106056	2.000000
120.881103	2.105991	7.000000
120.930073	2.105995	4.000000
120.991035	2.106075	1.000000
121.049998	2.106006	1.000000
121.102966	2.106102	7.000000
121.161930	2.106201	2.000000
121.210899	2.106306	6.000000
121.268864	2.106355	3.000000
121.327827	2.106529	5.000000
121.394814	2.106554	3.000000
121.455777	2.106480	7.000000
121.503749	2.106418	8.000000
121.558714	2.106213	4.000000
121.609682	2.106235	4.000000
121.660652	2.106914	2.000000
121.720618	2.107439	3.000000
121.787574	2.107504	5.000000
121.844538	2.107307	2.000000
121.904505	2.106702	2.000000
121.954471	2.106398	5.000000
122.015433	2.106416	3.000000
122.071398	2.105975	7.000000
122.127396	2.105911	4.000000
122.186359	2.105818	4.000000
122.235330	2.105807	4.000000
122.295292	2.105885	1.000000
122.355255	2.105911	9.000000
122.402225	2.105898	6.000000
122.463189	2.105937	5.000000
122.522152	2.105949	3.000000
122.572122	2.105933	2.000000
122.622090	2.105957	2.000000
122.669061	2.105914	2.000000
122.724028	2.105975	3.000000
122.784989	2.105907	7.000000
122.832967	2.105933	5.000000
122.915915	2.105939	5.000000
122.966877	2.105933	4.000000
123.026841	2.106013	1.000000
123.086804	2.105919	4.000000
123.134774	2.105899	5.000000
123.217726	2.105861	4.000000
123.276686	2.105899	5.000000
123.336649	2.105832	0.000000
123.393613	2.105878	6.000000
123.442584	2.105937	3.000000
123.502550	2.105836	3.000000
123.560511	2.105925	7.000000
123.608482	2.105943	4.000000
123.692434	2.105942	5.000000
123.750398	2.105864	2.000000
123.810357	2.105952	4.000000
123.869321	2.105862	6.000000
123.917292	2.105865	6.000000
123.976254	2.105974	1.000000
124.035217	2.105879	9.000000
124.096181	2.105930	5.000000
124.155144	2.105917	2.000000
124.203115	2.105898	5.000000
124.286098	2.105873	4.000000
124.341067	2.105829	6.000000
124.403028	2.105763	4.000000
124.459993	2.105870	5.000000
124.507965	2.105873	7.000000
124.557934	2.105797	6.000000
124.608902	2.105824	5.000000
124.661869	2.105823	6.000000
124.723830	2.105537	4.000000
124.780795	2.105684	7.000000
124.839762	2.105771	2.000000
124.896724	2.105608	8.000000
124.945697	2.105812	5.000000
125.003657	2.105498	6.000000
125.059625	2.105836	1.000000
125.109593	2.105841	3.000000
