0.000000	1.964008	112.000000
0.120925	1.964107	110.000000
0.239853	1.964064	102.000000
0.357780	1.964085	109.000000
0.476707	1.964166	106.000000
0.596636	1.964424	117.000000
0.714560	1.965036	102.000000
0.832487	1.965662	121.000000
0.952414	1.966002	92.000000
1.074338	1.966118	99.000000
1.192266	1.966246	102.000000
1.312193	1.966661	94.000000
1.433118	1.966934	131.000000
1.553044	1.967007	99.000000
1.669973	1.966949	105.000000
1.790899	1.966940	94.000000
1.907826	1.966968	92.000000
2.029758	1.966994	100.000000
2.150676	1.967093	108.000000
2.269603	1.967201	99.000000
2.388530	1.967226	104.000000
2.511455	1.967130	104.000000
2.632381	1.967212	95.000000
2.751310	1.967294	88.000000
2.870234	1.967358	104.000000
2.990163	1.967381	89.000000
3.110086	1.967374	96.000000
3.230014	1.967429	91.000000
3.349939	1.967531	93.000000
3.470867	1.967609	73.000000
3.592790	1.967575	99.000000
3.709718	1.967540	90.000000
3.829644	1.967557	93.000000
3.948575	1.967612	85.000000
4.068497	1.967638	84.000000
4.187423	1.967709	92.000000
4.306350	1.967715	98.000000
4.423278	1.967752	89.000000
4.541205	1.967731	87.000000
4.661135	1.967757	95.000000
4.780059	1.967815	93.000000
4.899986	1.967897	82.000000
5.019911	1.968018	86.000000
5.139837	1.968076	86.000000
5.259767	1.968073	80.000000
5.379699	1.968103	88.000000
5.500615	1.968219	99.000000
5.617544	1.968329	84.000000
5.737495	1.968364	90.000000
5.857427	1.968361	92.000000
5.979351	1.968335	95.000000
6.100275	1.968428	91.000000
6.217203	1.968523	95.000000
6.337130	1.968465	92.000000
6.455057	1.968410	78.000000
6.574983	1.968329	95.000000
6.691911	1.968338	90.000000
6.810838	1.968355	72.000000
6.928766	1.968448	90.000000
7.048692	1.968527	71.000000
7.168618	1.968646	80.000000
7.288547	1.968710	71.000000
7.409470	1.968674	63.000000
7.527401	1.968684	72.000000
7.647323	1.968785	62.000000
7.765251	1.968890	84.000000
7.883178	1.968970	78.000000
8.002105	1.969044	80.000000
8.121074	1.969090	85.000000
8.241958	1.969089	76.000000
8.361888	1.969093	81.000000
8.481813	1.969159	65.000000
8.599737	1.969289	88.000000
8.719664	1.969353	72.000000
8.839590	1.969382	88.000000
8.958516	1.969337	70.000000
9.076444	1.969348	61.000000
9.195371	1.969371	82.000000
9.313298	1.969435	81.000000
9.433225	1.969521	82.000000
9.553154	1.969618	77.000000
9.672078	1.969640	72.000000
9.789006	1.969669	66.000000
9.908932	1.969682	71.000000
10.028862	1.969743	65.000000
10.149783	1.969791	77.000000
10.268714	1.969930	78.000000
10.388636	1.969975	65.000000
10.509562	1.969946	71.000000
10.629489	1.969960	59.000000
10.749415	1.970038	75.000000
10.869342	1.970117	65.000000
10.989270	1.970145	63.000000
11.107195	1.970145	55.000000
11.227122	1.970161	57.000000
11.347048	1.970200	61.000000
11.465974	1.970319	56.000000
11.585900	1.970413	57.000000
11.704827	1.970474	56.000000
11.823754	1.970486	60.000000
11.941681	1.970488	57.000000
12.062627	1.970497	47.000000
12.181534	1.970581	61.000000
12.299467	1.970645	68.000000
12.417390	1.970709	45.000000
12.536315	1.970778	48.000000
12.654243	1.970825	66.000000
12.773170	1.970868	52.000000
12.893096	1.970857	66.000000
13.015021	1.970892	49.000000
13.134947	1.971021	64.000000
13.255873	1.971100	58.000000
13.375803	1.971037	56.000000
13.495762	1.971075	56.000000
13.614652	1.971141	57.000000
13.733582	1.971231	49.000000
13.853509	1.971318	53.000000
13.973432	1.971341	55.000000
14.093358	1.971320	53.000000
14.210286	1.971353	75.000000
14.330215	1.971388	46.000000
14.448139	1.971498	58.000000
14.572063	1.971593	44.000000
14.692988	1.971591	59.000000
14.809917	1.971591	52.000000
14.930842	1.971628	50.000000
15.049769	1.971727	50.000000
15.166698	1.971794	46.000000
15.286623	1.971863	45.000000
15.404551	1.971881	52.000000
15.523478	1.971930	46.000000
15.640407	1.971930	54.000000
15.760335	1.971950	46.000000
15.879259	1.971970	47.000000
15.999186	1.972064	55.000000
16.119111	1.972163	37.000000
16.238039	1.972232	47.000000
16.356965	1.972278	46.000000
16.475892	1.972244	48.000000
16.594819	1.972269	35.000000
16.711746	1.972311	54.000000
16.829674	1.972380	42.000000
16.947602	1.972450	55.000000
17.071525	1.972583	47.000000
17.188454	1.972604	40.000000
17.307380	1.972621	45.000000
17.426339	1.972652	54.000000
17.547261	1.972650	46.000000
17.667187	1.972754	37.000000
17.786118	1.972841	38.000000
17.906040	1.972888	48.000000
18.026966	1.972867	55.000000
18.147891	1.972893	53.000000
18.266819	1.972986	40.000000
18.385745	1.973071	49.000000
18.505672	1.973112	31.000000
18.625597	1.973122	42.000000
18.745524	1.973128	41.000000
18.866450	1.973216	35.000000
18.985379	1.973318	34.000000
19.106302	1.973380	44.000000
19.226228	1.973402	51.000000
19.343156	1.973370	37.000000
19.464088	1.973410	42.000000
19.584008	1.973517	39.000000
19.702934	1.973676	36.000000
19.821862	1.973767	28.000000
19.940788	1.973749	48.000000
20.058715	1.973761	42.000000
20.175644	1.973804	38.000000
20.295573	1.973862	30.000000
20.414499	1.973915	24.000000
20.532424	1.973943	30.000000
20.649352	1.974036	29.000000
20.767280	1.974084	38.000000
20.885207	1.974217	37.000000
21.005134	1.974271	36.000000
21.126065	1.974261	29.000000
21.242987	1.974281	38.000000
21.362913	1.974345	25.000000
21.483839	1.974397	37.000000
21.605764	1.974500	29.000000
21.725690	1.974478	32.000000
21.844618	1.974481	41.000000
21.962545	1.974510	32.000000
22.080472	1.974559	34.000000
22.198399	1.974748	31.000000
22.317327	1.974878	21.000000
22.436253	1.974931	33.000000
22.562175	1.974905	33.000000
22.682105	1.974828	34.000000
22.800030	1.974988	33.000000
22.920954	1.975089	24.000000
23.039882	1.975139	23.000000
23.157810	1.975157	26.000000
23.276736	1.975182	39.000000
23.396663	1.975221	34.000000
23.516590	1.975264	26.000000
23.635518	1.975372	26.000000
23.755442	1.975468	40.000000
23.875368	1.975523	25.000000
23.995294	1.975496	24.000000
24.115220	1.975552	27.000000
24.234148	1.975659	28.000000
24.351075	1.975714	31.000000
24.471004	1.975754	32.000000
24.590927	1.975807	19.000000
24.709855	1.975764	19.000000
24.827782	1.975804	32.000000
24.945709	1.975864	18.000000
25.067635	1.975986	26.000000
25.185562	1.976035	27.000000
25.304488	1.976083	33.000000
25.424418	1.976147	28.000000
25.544341	1.976155	28.000000
25.663268	1.976135	29.000000
25.781195	1.976196	21.000000
25.902150	1.976260	17.000000
26.022075	1.976381	22.000000
26.140003	1.976407	23.000000
26.257930	1.976427	26.000000
26.379855	1.976405	28.000000
26.498785	1.976443	22.000000
26.616710	1.976561	23.000000
26.736639	1.976625	19.000000
26.855562	1.976701	18.000000
26.973490	1.976773	23.000000
27.092417	1.976845	21.000000
27.211344	1.976791	17.000000
27.329271	1.976787	23.000000
27.446199	1.976779	12.000000
27.566126	1.976868	22.000000
27.685052	1.976961	11.000000
27.803979	1.977013	20.000000
27.923909	1.977112	23.000000
28.043839	1.977075	16.000000
28.160760	1.977133	20.000000
28.278687	1.977164	12.000000
28.396615	1.977170	17.000000
28.515542	1.977219	25.000000
28.633469	1.977258	13.000000
28.750398	1.977333	14.000000
28.870323	1.977402	23.000000
28.988250	1.977472	8.000000
29.106178	1.977509	14.000000
29.224106	1.977533	11.000000
29.344063	1.977570	15.000000
29.464988	1.977576	14.000000
29.583913	1.977637	15.000000
29.704838	1.977774	11.000000
29.822766	1.977815	19.000000
29.942692	1.977823	10.000000
30.062618	1.977792	14.000000
30.182545	1.977834	19.000000
30.301471	1.977930	18.000000
30.421427	1.978014	13.000000
30.559341	1.978114	13.000000
30.677268	1.978061	15.000000
30.795196	1.978091	15.000000
30.913123	1.978123	19.000000
31.033051	1.978175	13.000000
31.152977	1.978271	19.000000
31.272902	1.978374	18.000000
31.392829	1.978391	10.000000
31.512754	1.978365	18.000000
31.631681	1.978380	11.000000
31.748610	1.978445	18.000000
31.867536	1.978529	11.000000
31.984465	1.978569	10.000000
32.104391	1.978639	7.000000
32.223318	1.978723	14.000000
32.343244	1.978741	13.000000
32.461178	1.978732	14.000000
32.578103	1.978754	7.000000
32.697026	1.978769	12.000000
32.815953	1.978813	12.000000
32.934880	1.978938	7.000000
33.057804	1.979012	10.000000
33.177731	1.978993	15.000000
33.295658	1.978961	7.000000
33.414585	1.978972	9.000000
33.533511	1.979128	7.000000
33.652438	1.979245	13.000000
33.769366	1.979292	8.000000
33.887299	1.979431	16.000000
34.005222	1.979427	10.000000
34.123149	1.979344	14.000000
34.243075	1.979367	7.000000
34.363002	1.979318	15.000000
34.481927	1.979321	8.000000
34.601854	1.979387	11.000000
34.719786	1.979526	7.000000
34.837709	1.979572	7.000000
34.957635	1.979634	4.000000
35.075562	1.979634	12.000000
35.193491	1.979637	9.000000
35.312417	1.979639	7.000000
35.432343	1.979648	12.000000
35.550271	1.979730	5.000000
35.667199	1.979820	11.000000
35.787125	1.979871	8.000000
35.906052	1.980029	7.000000
36.023981	1.980118	10.000000
36.140907	1.980171	8.000000
36.262832	1.980177	5.000000
36.382759	1.980194	0.000000
36.501686	1.980281	8.000000
36.621612	1.980399	9.000000
36.741538	1.980476	11.000000
36.861467	1.980440	2.000000
36.981393	1.980426	12.000000
37.102316	1.980495	6.000000
37.221242	1.980623	13.000000
37.339170	1.980748	5.000000
37.459096	1.980772	12.000000
37.577025	1.980785	7.000000
37.695951	1.980792	3.000000
37.813879	1.980833	7.000000
37.931806	1.980887	15.000000
38.049733	1.980991	8.000000
38.167661	1.981049	11.000000
38.285588	1.981113	9.000000
38.405514	1.981171	6.000000
38.525440	1.981241	11.000000
38.645367	1.981218	6.000000
38.765292	1.981229	6.000000
38.886219	1.981299	4.000000
39.004146	1.981444	8.000000
39.122073	1.981506	9.000000
39.239002	1.981541	9.000000
39.357928	1.981587	3.000000
39.475856	1.981590	16.000000
39.595782	1.981657	10.000000
39.715708	1.981781	6.000000
39.833635	1.982057	7.000000
39.953562	1.982234	8.000000
40.073488	1.982228	9.000000
40.193414	1.982480	7.000000
40.313343	1.982657	8.000000
40.433267	1.982661	7.000000
40.553192	1.982770	9.000000
40.673119	1.983423	2.000000
40.793048	1.983980	7.000000
40.912971	1.983841	8.000000
41.030899	1.984174	10.000000
41.149826	1.984714	7.000000
41.267753	1.984616	5.000000
41.384682	1.986621	10.000000
41.503609	1.988553	3.000000
41.621535	1.987950	4.000000
41.740462	1.989185	7.000000
41.859389	1.988368	4.000000
41.977347	1.987622	6.000000
42.095274	1.987874	3.000000
42.212203	1.988077	13.000000
42.333128	1.988463	8.000000
42.450056	1.988007	5.000000
42.572980	1.988313	4.000000
42.689909	1.988434	8.000000
42.810834	1.988522	9.000000
42.928762	1.988434	6.000000
43.046692	1.988397	11.000000
43.166618	1.988416	7.000000
43.286541	1.988536	8.000000
43.405468	1.988690	4.000000
43.523396	1.988759	9.000000
43.641323	1.988814	8.000000
43.759251	1.988632	8.000000
43.879178	1.988347	2.000000
43.998188	1.988281	3.000000
44.115119	1.988322	6.000000
44.233042	1.988385	3.000000
44.350974	1.988411	6.000000
44.470900	1.988489	10.000000
44.590821	1.988612	5.000000
44.708754	1.988649	7.000000
44.828678	1.988704	10.000000
44.948606	1.988765	7.000000
45.070531	1.988895	5.000000
45.190456	1.988974	8.000000
45.311379	1.989037	8.000000
45.428309	1.989098	7.000000
45.548234	1.989067	5.000000
45.668159	1.989014	4.000000
45.785091	1.988969	14.000000
45.903018	1.988971	8.000000
46.023008	1.988942	6.000000
46.140932	1.989000	3.000000
46.259862	1.989034	8.000000
46.377789	1.989070	5.000000
46.497716	1.989104	8.000000
46.617640	1.989142	6.000000
46.736565	1.989236	6.000000
46.854496	1.989285	10.000000
46.971425	1.989320	8.000000
47.091351	1.989331	10.000000
47.209279	1.989343	4.000000
47.327206	1.989380	8.000000
47.447130	1.989374	6.000000
47.566055	1.989444	10.000000
47.684982	1.989516	7.000000
47.804912	1.989609	12.000000
47.923836	1.989662	4.000000
48.043762	1.989708	4.000000
48.163689	1.989690	10.000000
48.283617	1.989706	12.000000
48.403541	1.989830	6.000000
48.521471	1.989917	10.000000
48.642395	1.989996	5.000000
48.761323	1.989960	10.000000
48.881249	1.989931	4.000000
49.001176	1.990018	0.000000
49.122096	1.990205	9.000000
49.241028	1.990375	4.000000
49.358953	1.990504	4.000000
49.479877	1.990527	5.000000
49.599805	1.990517	9.000000
49.720804	1.990587	2.000000
49.837732	1.990692	6.000000
49.955665	1.990768	8.000000
50.075598	1.990796	6.000000
50.193513	1.990852	7.000000
50.314438	1.990887	13.000000
50.434365	1.990927	8.000000
50.553291	1.990942	5.000000
50.670220	1.990952	9.000000
50.790146	1.990962	7.000000
50.911071	1.990933	9.000000
51.029999	1.990820	8.000000
51.149928	1.990831	5.000000
51.269850	1.990967	6.000000
51.388781	1.991063	8.000000
51.507704	1.991142	3.000000
51.625632	1.991183	4.000000
51.743559	1.991209	5.000000
51.863503	1.991270	7.000000
51.983412	1.991316	11.000000
52.102338	1.991353	9.000000
52.219266	1.991431	9.000000
52.337194	1.991504	9.000000
52.457154	1.991541	5.000000
52.575080	1.991609	5.000000
52.694007	1.991628	6.000000
52.812933	1.991606	8.000000
52.933858	1.991595	3.000000
53.057783	1.991692	2.000000
53.177709	1.991737	9.000000
53.294638	1.991670	6.000000
53.414563	1.991664	8.000000
53.533490	1.991637	1.000000
53.650418	1.991646	5.000000
53.769345	1.991678	10.000000
53.886273	1.991670	7.000000
54.006199	1.991724	6.000000
54.126125	1.991727	10.000000
54.246051	1.991692	10.000000
54.365008	1.991705	6.000000
54.481936	1.991766	5.000000
54.602861	1.991875	12.000000
54.722788	1.991963	3.000000
54.840716	1.992010	5.000000
54.958642	1.992035	7.000000
55.076571	1.992047	7.000000
55.194498	1.992096	7.000000
55.312425	1.992126	6.000000
55.431351	1.992178	10.000000
55.548279	1.992235	11.000000
55.668206	1.992320	5.000000
55.787133	1.992416	10.000000
55.906060	1.992439	3.000000
56.026987	1.992442	6.000000
56.144913	1.992436	7.000000
56.266838	1.992473	6.000000
56.385765	1.992554	7.000000
56.505693	1.992607	6.000000
56.626617	1.992604	4.000000
56.745543	1.992554	8.000000
56.863471	1.992555	9.000000
56.983397	1.992596	12.000000
57.102324	1.992671	9.000000
57.220251	1.992725	6.000000
57.339179	1.992746	5.000000
57.457106	1.992725	4.000000
57.577032	1.992720	8.000000
57.695960	1.992714	6.000000
57.816884	1.992758	6.000000
57.934813	1.992856	7.000000
58.054739	1.992868	5.000000
58.172665	1.992915	3.000000
58.289594	1.992986	7.000000
58.407521	1.993033	9.000000
58.525449	1.993089	3.000000
58.645374	1.993141	7.000000
58.762302	1.993265	4.000000
58.882230	1.993416	10.000000
59.001155	1.993611	16.000000
59.119083	1.993796	6.000000
59.238009	1.993988	9.000000
59.357936	1.994179	8.000000
59.478867	1.994244	8.000000
59.597788	1.994336	7.000000
59.714717	1.994421	12.000000
59.832644	1.994492	13.000000
59.952570	1.994562	5.000000
60.072497	1.994583	8.000000
60.190424	1.994536	9.000000
60.308355	1.994463	7.000000
60.428281	1.994348	5.000000
60.548204	1.994162	8.000000
60.668130	1.994075	11.000000
60.786057	1.994022	7.000000
60.904989	1.993979	5.000000
61.024910	1.993962	7.000000
61.143837	1.993874	5.000000
61.262767	1.993858	5.000000
61.382696	1.993842	6.000000
61.501617	1.993915	6.000000
61.619544	1.993907	9.000000
61.736473	1.993918	11.000000
61.856399	1.993964	11.000000
61.974327	1.993962	10.000000
62.094253	1.993983	14.000000
62.214179	1.994016	8.000000
62.332110	1.994106	3.000000
62.453032	1.994189	6.000000
62.576955	1.994202	8.000000
62.694883	1.994179	10.000000
62.812810	1.994249	8.000000
62.931737	1.994308	6.000000
63.051664	1.994334	7.000000
63.171590	1.994470	13.000000
63.289517	1.994502	8.000000
63.408475	1.994585	11.000000
63.527399	1.994652	9.000000
63.644327	1.994725	8.000000
63.762254	1.994797	7.000000
63.882182	1.994868	7.000000
64.000108	1.994957	11.000000
64.120034	1.995000	7.000000
64.239961	1.995032	5.000000
64.360887	1.994978	13.000000
64.478814	1.994977	9.000000
64.599739	1.995036	8.000000
64.719666	1.995090	14.000000
64.838592	1.995132	8.000000
64.956519	1.995074	12.000000
65.077445	1.995088	8.000000
65.194374	1.995122	6.000000
65.314299	1.995255	9.000000
65.432227	1.995345	8.000000
65.551154	1.995433	11.000000
65.669081	1.995531	9.000000
65.786010	1.995619	5.000000
65.905935	1.995636	9.000000
66.025862	1.995641	12.000000
66.144790	1.995665	6.000000
66.264715	1.995752	6.000000
66.385640	1.995869	8.000000
66.504570	1.995958	7.000000
66.624493	1.995970	9.000000
66.744420	1.995963	13.000000
66.864347	1.996049	6.000000
66.982274	1.996169	12.000000
67.103199	1.996234	7.000000
67.222126	1.996251	10.000000
67.342052	1.996246	10.000000
67.461978	1.996259	11.000000
67.581904	1.996321	7.000000
67.702830	1.996439	9.000000
67.820758	1.996452	5.000000
67.938685	1.996461	13.000000
68.061609	1.996484	13.000000
68.178538	1.996497	10.000000
68.296468	1.996559	10.000000
68.414392	1.996602	7.000000
68.534318	1.996687	3.000000
68.652246	1.996741	7.000000
68.770174	1.996768	8.000000
68.890100	1.996796	7.000000
69.009027	1.996756	7.000000
69.126954	1.996779	6.000000
69.245881	1.996861	7.000000
69.363808	1.996913	12.000000
69.482735	1.996986	11.000000
69.602661	1.997034	12.000000
69.720589	1.997081	14.000000
69.839515	1.997089	11.000000
69.957442	1.997078	4.000000
70.077369	1.997133	12.000000
70.196297	1.997211	9.000000
70.316222	1.997275	6.000000
70.433150	1.997392	16.000000
70.556075	1.997453	10.000000
70.676002	1.997389	13.000000
70.795927	1.997420	6.000000
70.915854	1.997531	10.000000
71.033781	1.997594	14.000000
71.152707	1.997632	14.000000
71.270707	1.997650	5.000000
71.387635	1.997688	5.000000
71.506562	1.997742	13.000000
71.624490	1.997760	8.000000
71.743417	1.997780	10.000000
71.863343	1.997816	6.000000
71.982270	1.997916	5.000000
72.102195	1.998010	7.000000
72.222123	1.998036	10.000000
72.340049	1.998012	9.000000
72.458976	1.998032	5.000000
72.577903	1.998083	8.000000
72.696830	1.998189	14.000000
72.815756	1.998302	8.000000
72.933684	1.998386	6.000000
73.051615	1.998418	12.000000
73.169538	1.998441	11.000000
73.287467	1.998448	11.000000
73.405395	1.998448	10.000000
73.525320	1.998459	9.000000
73.644254	1.998479	15.000000
73.761174	1.998526	11.000000
73.880102	1.998607	13.000000
73.998029	1.998642	9.000000
74.117955	1.998666	14.000000
74.236882	1.998669	7.000000
74.356808	1.998706	15.000000
74.474736	1.998746	5.000000
74.593663	1.998820	8.000000
74.711590	1.998907	14.000000
74.829518	1.998955	10.000000
74.949443	1.999075	5.000000
75.069370	1.999127	11.000000
75.187297	1.999130	7.000000
75.305225	1.999136	14.000000
75.423152	1.999164	12.000000
75.541079	1.999208	11.000000
75.659007	1.999240	9.000000
75.776935	1.999294	8.000000
75.895862	1.999358	11.000000
76.015788	1.999437	4.000000
76.133715	1.999460	14.000000
76.251642	1.999487	9.000000
76.369570	1.999533	5.000000
76.487498	1.999529	9.000000
76.605425	1.999539	16.000000
76.723352	1.999567	14.000000
76.841280	1.999609	7.000000
76.959207	1.999648	13.000000
77.079134	1.999724	12.000000
77.197061	1.999803	7.000000
77.314988	1.999850	13.000000
77.432917	1.999892	15.000000
77.555840	1.999910	10.000000
77.675766	1.999870	8.000000
77.793694	1.999945	8.000000
77.911621	2.000021	10.000000
78.029549	2.000087	8.000000
78.149475	2.000142	9.000000
78.267403	2.000179	12.000000
78.385330	2.000201	14.000000
78.503257	2.000215	12.000000
78.621185	2.000220	12.000000
78.739112	2.000256	8.000000
78.859038	2.000322	7.000000
78.976965	2.000418	11.000000
79.097891	2.000533	10.000000
79.217818	2.000594	10.000000
79.335745	2.000580	5.000000
79.453673	2.000613	3.000000
79.571600	2.000613	5.000000
79.689527	2.000641	9.000000
79.807455	2.000674	16.000000
79.926382	2.000722	7.000000
80.043310	2.000781	8.000000
80.161237	2.000845	11.000000
80.281163	2.000897	9.000000
80.399091	2.000949	11.000000
80.517018	2.000986	8.000000
80.634946	2.000987	11.000000
80.753872	2.000975	10.000000
80.871800	2.001007	8.000000
80.991726	2.001047	16.000000
81.112653	2.001126	7.000000
81.229580	2.001227	12.000000
81.349506	2.001311	7.000000
81.467433	2.001340	12.000000
81.585361	2.001375	12.000000
81.703289	2.001389	11.000000
81.821216	2.001428	7.000000
81.941143	2.001480	12.000000
82.061069	2.001578	13.000000
82.180995	2.001697	10.000000
82.300921	2.001750	13.000000
82.421846	2.001717	9.000000
82.541773	2.001744	14.000000
82.660699	2.001874	9.000000
82.779627	2.001962	13.000000
82.899553	2.002101	12.000000
83.019479	2.002132	14.000000
83.139406	2.002103	7.000000
83.259332	2.002046	19.000000
83.379259	2.002037	11.000000
83.499187	2.002051	16.000000
83.620110	2.002286	12.000000
83.739037	2.002672	10.000000
83.858963	2.002779	10.000000
83.979892	2.002744	15.000000
84.099814	2.002942	17.000000
84.219740	2.003075	12.000000
84.339666	2.003261	2.000000
84.459597	2.003343	17.000000
84.579519	2.003375	10.000000
84.699446	2.003357	9.000000
84.819372	2.003288	19.000000
84.940298	2.003154	15.000000
85.062223	2.003076	21.000000
85.180151	2.003162	16.000000
85.299077	2.003455	10.000000
85.420002	2.003333	13.000000
85.537930	2.002592	19.000000
85.657855	2.002275	7.000000
85.776783	2.002034	6.000000
85.893711	2.001727	11.000000
86.011638	2.001540	13.000000
86.130566	2.001443	13.000000
86.247493	2.001550	11.000000
86.365421	2.001732	12.000000
86.485346	2.001865	13.000000
86.606272	2.001636	17.000000
86.725199	2.001453	10.000000
86.845126	2.001654	11.000000
86.965052	2.001868	10.000000
87.085977	2.001929	7.000000
87.204904	2.001720	12.000000
87.325830	2.001680	10.000000
87.445756	2.002565	10.000000
87.568680	2.002524	13.000000
87.686608	2.001611	9.000000
87.806534	2.001776	9.000000
87.924465	2.001997	12.000000
88.044388	2.001396	8.000000
88.162324	2.001074	16.000000
88.282241	2.001007	16.000000
88.402167	2.001186	9.000000
88.522097	2.000842	9.000000
88.642021	2.000888	6.000000
88.759948	2.001024	10.000000
88.880876	2.001112	11.000000
88.999801	2.001051	8.000000
89.117726	2.001051	8.000000
89.234655	2.001016	6.000000
89.353583	2.001048	8.000000
89.470514	2.001097	6.000000
89.591436	2.001161	12.000000
89.708364	2.001271	10.000000
89.828290	2.001355	11.000000
89.948216	2.001376	12.000000
90.072167	2.001323	9.000000
90.191094	2.001414	10.000000
90.311020	2.001509	16.000000
90.430950	2.001566	8.000000
90.551871	2.001517	9.000000
90.671799	2.001567	7.000000
90.791727	2.001665	16.000000
90.912710	2.001720	11.000000
91.031635	2.001782	3.000000
91.151562	2.001791	12.000000
91.271487	2.001817	19.000000
91.391415	2.001930	14.000000
91.509342	2.002051	10.000000
91.629268	2.002138	15.000000
91.749204	2.002112	13.000000
91.868121	2.002089	20.000000
91.986049	2.002113	22.000000
92.106975	2.002159	8.000000
92.225905	2.002292	11.000000
92.343829	2.002333	10.000000
92.461756	2.002359	11.000000
92.579684	2.002451	20.000000
92.699609	2.002451	5.000000
92.817537	2.002466	19.000000
92.937463	2.002481	11.000000
93.059388	2.002597	11.000000
93.179315	2.002687	13.000000
93.297242	2.002670	13.000000
93.417168	2.002715	14.000000
93.537095	2.002747	14.000000
93.657021	2.002870	19.000000
93.775947	2.003038	11.000000
93.894875	2.003081	11.000000
94.014800	2.003162	14.000000
94.133727	2.003136	13.000000
94.252657	2.003253	13.000000
94.372580	2.003461	14.000000
94.490508	2.003529	16.000000
94.610434	2.003485	16.000000
94.730360	2.003398	14.000000
94.848287	2.003400	14.000000
94.971212	2.003575	10.000000
95.092138	2.003658	11.000000
95.211065	2.003677	9.000000
95.330995	2.003699	9.000000
95.450920	2.003560	18.000000
95.574841	2.003795	11.000000
95.694767	2.004010	12.000000
95.814693	2.004102	8.000000
95.934623	2.004254	16.000000
96.054545	2.004323	19.000000
96.174472	2.004492	10.000000
96.293398	2.004610	14.000000
96.413325	2.004703	18.000000
96.533251	2.004718	14.000000
96.653177	2.004987	13.000000
96.773107	2.005075	17.000000
96.893030	2.005148	14.000000
97.014961	2.005386	11.000000
97.135880	2.005652	14.000000
97.255810	2.006238	12.000000
97.375733	2.006339	11.000000
97.495658	2.005995	17.000000
97.615588	2.005811	20.000000
97.735515	2.005753	21.000000
97.855438	2.005826	11.000000
97.975367	2.005965	10.000000
98.096290	2.006160	15.000000
98.214217	2.006213	17.000000
98.332144	2.006146	14.000000
98.451071	2.006157	15.000000
98.573996	2.006276	11.000000
98.693922	2.006317	11.000000
98.814848	2.006383	11.000000
98.934773	2.006438	11.000000
99.054699	2.006517	16.000000
99.174626	2.006657	9.000000
99.294553	2.006648	10.000000
99.414483	2.006627	13.000000
99.534405	2.006621	16.000000
99.654331	2.006761	20.000000
99.774260	2.006850	17.000000
99.894184	2.006862	12.000000
100.014109	2.006842	15.000000
100.133036	2.006822	14.000000
100.250964	2.006873	12.000000
100.371890	2.006963	19.000000
100.491815	2.007005	18.000000
100.611742	2.006975	12.000000
100.731668	2.006880	22.000000
100.851594	2.006839	15.000000
100.971520	2.006927	12.000000
101.090447	2.006985	13.000000
101.208375	2.007031	22.000000
101.327333	2.007027	13.000000
101.444260	2.007050	10.000000
101.564187	2.007071	12.000000
101.684113	2.007121	11.000000
101.804039	2.007239	17.000000
101.921967	2.007329	17.000000
102.040893	2.007370	18.000000
102.160819	2.007385	6.000000
102.280746	2.007356	18.000000
102.401670	2.007407	17.000000
102.520601	2.007463	18.000000
102.640524	2.007545	11.000000
102.760450	2.007677	15.000000
102.880411	2.007707	10.000000
103.027315	2.007700	11.000000
103.147240	2.007706	13.000000
103.265168	2.007835	13.000000
103.383146	2.007994	8.000000
103.503022	2.008160	16.000000
103.620949	2.008308	11.000000
103.741879	2.008394	12.000000
103.859802	2.008443	10.000000
103.979729	2.008481	18.000000
104.099654	2.008907	9.000000
104.219581	2.009042	9.000000
104.339507	2.009013	10.000000
104.459433	2.009218	16.000000
104.579359	2.009563	10.000000
104.697287	2.010123	15.000000
104.817213	2.010504	11.000000
104.935141	2.010825	10.000000
105.060063	2.011038	11.000000
105.176992	2.011134	13.000000
105.294919	2.011357	8.000000
105.415848	2.011443	11.000000
105.533772	2.011566	17.000000
105.653698	2.011674	20.000000
105.773625	2.011736	12.000000
105.893550	2.011569	15.000000
106.015051	2.011047	10.000000
106.134977	2.010619	14.000000
106.254903	2.010429	13.000000
106.374835	2.010352	17.000000
106.494759	2.010231	18.000000
106.614682	2.010182	14.000000
106.734608	2.010245	18.000000
106.854535	2.010271	17.000000
106.972462	2.010106	13.000000
107.093387	2.010132	17.000000
107.212315	2.010052	12.000000
107.332241	2.009993	25.000000
107.452167	2.010034	19.000000
107.570095	2.010127	16.000000
107.688022	2.010194	16.000000
107.806948	2.010226	10.000000
107.926875	2.010246	16.000000
108.045801	2.010287	9.000000
108.164729	2.010355	13.000000
108.284657	2.010463	12.000000
108.404581	2.010571	14.000000
108.522508	2.010612	15.000000
108.640435	2.010629	8.000000
108.760362	2.010631	10.000000
108.880289	2.010609	18.000000
109.000215	2.010680	13.000000
109.120141	2.010759	7.000000
109.238069	2.010773	13.000000
109.357994	2.010783	15.000000
109.477921	2.010768	11.000000
109.599845	2.010840	23.000000
109.718772	2.010962	8.000000
109.838698	2.011029	18.000000
109.958625	2.011026	16.000000
110.078550	2.011038	16.000000
110.198477	2.011122	15.000000
110.318403	2.011258	15.000000
110.438330	2.011356	12.000000
110.562253	2.011365	21.000000
110.679181	2.011354	16.000000
110.799107	2.011417	18.000000
110.920041	2.011534	17.000000
111.038960	2.011536	19.000000
111.158885	2.011513	11.000000
111.277813	2.011557	9.000000
111.397739	2.011600	11.000000
111.517666	2.011705	16.000000
111.637592	2.011790	12.000000
111.757518	2.011778	19.000000
111.877445	2.011781	12.000000
111.997370	2.011794	23.000000
112.115298	2.011914	15.000000
112.235224	2.011984	12.000000
112.355150	2.012015	16.000000
112.473078	2.012010	17.000000
112.594003	2.012029	20.000000
112.710932	2.012048	12.000000
112.829858	2.012140	17.000000
112.949784	2.012224	14.000000
113.074707	2.012224	14.000000
113.192635	2.012241	16.000000
113.312561	2.012289	15.000000
113.430491	2.012386	15.000000
113.548416	2.012465	13.000000
113.668343	2.012544	15.000000
113.786270	2.012563	19.000000
113.904197	2.012598	11.000000
114.025123	2.012643	19.000000
114.144050	2.012650	16.000000
114.263979	2.012727	18.000000
114.383902	2.012881	14.000000
114.502828	2.012932	19.000000
114.622755	2.012982	15.000000
114.742682	2.012933	29.000000
114.862610	2.013014	13.000000
114.982534	2.013124	14.000000
115.102461	2.013219	18.000000
115.222386	2.013240	20.000000
115.342313	2.013245	12.000000
115.462239	2.013304	19.000000
115.582175	2.013379	16.000000
115.702090	2.013464	23.000000
115.822017	2.013484	18.000000
115.941951	2.013484	17.000000
116.061876	2.013591	12.000000
116.178798	2.013686	18.000000
116.296725	2.013696	17.000000
116.414653	2.013734	13.000000
116.532580	2.013739	13.000000
116.650507	2.013789	16.000000
116.768435	2.013847	16.000000
116.888361	2.013861	23.000000
117.008287	2.013852	12.000000
117.126221	2.013884	13.000000
117.244143	2.013951	18.000000
117.364072	2.014006	13.000000
117.481996	2.014105	10.000000
117.602921	2.014163	20.000000
117.720849	2.014145	21.000000
117.838776	2.014189	13.000000
117.958703	2.014195	6.000000
118.076630	2.014326	14.000000
118.196556	2.014436	8.000000
118.316485	2.014569	8.000000
118.436409	2.014595	12.000000
118.556334	2.014586	16.000000
118.676261	2.014604	14.000000
118.796187	2.014699	23.000000
118.916114	2.014819	19.000000
119.036045	2.014891	9.000000
119.153967	2.014850	18.000000
119.273894	2.014864	9.000000
119.393820	2.014897	20.000000
119.511747	2.014995	11.000000
119.629674	2.015054	11.000000
119.747602	2.015118	14.000000
119.867529	2.015157	9.000000
119.987454	2.015134	10.000000
120.108380	2.015120	25.000000
120.225308	2.015154	16.000000
120.343235	2.015239	14.000000
120.461164	2.015300	10.000000
120.581089	2.015346	17.000000
120.701018	2.015434	24.000000
120.820942	2.015416	13.000000
120.941867	2.015430	18.000000
121.061794	2.015497	17.000000
121.181720	2.015631	14.000000
121.301646	2.015623	17.000000
121.421572	2.015611	17.000000
121.540498	2.015614	16.000000
121.659426	2.015669	16.000000
121.780351	2.015762	20.000000
121.898278	2.015855	13.000000
122.017209	2.015884	12.000000
122.137135	2.015874	24.000000
122.257059	2.015846	13.000000
122.376984	2.015926	13.000000
122.496911	2.016051	14.000000
122.615838	2.016075	15.000000
122.735764	2.016130	10.000000
122.853691	2.016106	14.000000
122.971619	2.016132	12.000000
123.092544	2.016185	16.000000
123.209472	2.016272	15.000000
123.329399	2.016333	17.000000
123.449325	2.016438	15.000000
123.572252	2.016367	15.000000
123.692178	2.016418	20.000000
123.810103	2.016475	13.000000
123.928030	2.016544	8.000000
124.047956	2.016621	13.000000
124.168885	2.016608	11.000000
124.286809	2.016591	22.000000
124.407735	2.016637	17.000000
124.526662	2.016713	15.000000
124.644589	2.016794	17.000000
124.764515	2.016835	19.000000
124.884442	2.016875	17.000000
125.005367	2.016859	12.000000
125.124294	2.016882	7.000000
125.244223	2.016965	26.000000
125.364146	2.017049	9.000000
125.484073	2.017043	14.000000
125.603999	2.017026	13.000000
125.721926	2.017044	14.000000
125.840854	2.017119	8.000000
125.960780	2.017194	13.000000
126.080706	2.017293	6.000000
126.200635	2.017258	13.000000
126.318559	2.017245	17.000000
126.438486	2.017294	15.000000
126.561409	2.017326	17.000000
126.680337	2.017468	13.000000
126.803261	2.017406	18.000000
126.921189	2.017442	14.000000
127.041114	2.017500	18.000000
127.161041	2.017627	17.000000
127.280968	2.017683	10.000000
127.400894	2.017731	15.000000
127.518821	2.017694	15.000000
127.638747	2.017712	16.000000
127.756674	2.017769	13.000000
127.874602	2.017830	27.000000
127.994528	2.017903	6.000000
128.112457	2.017973	22.000000
128.232382	2.017987	19.000000
128.352309	2.017964	18.000000
128.472235	2.017989	15.000000
128.593160	2.018065	20.000000
128.712090	2.018155	19.000000
128.832014	2.018190	19.000000
128.951940	2.018164	12.000000
129.074864	2.018237	22.000000
129.192791	2.018289	23.000000
129.312717	2.018330	17.000000
129.431644	2.018355	22.000000
129.551570	2.018376	14.000000
129.668499	2.018359	22.000000
129.788424	2.018344	16.000000
129.906352	2.018440	13.000000
130.026278	2.018503	21.000000
130.144206	2.018600	16.000000
130.263132	2.018587	21.000000
130.380060	2.018585	15.000000
130.499987	2.018604	28.000000
130.619916	2.018590	19.000000
130.739839	2.018629	12.000000
130.858766	2.018727	15.000000
130.978692	2.018784	15.000000
131.097619	2.018819	12.000000
131.214547	2.018832	10.000000
131.332474	2.018837	16.000000
131.450402	2.018864	15.000000
131.570328	2.018892	19.000000
131.689255	2.018936	14.000000
131.807182	2.018997	8.000000
131.926110	2.019055	20.000000
132.046056	2.019130	13.000000
132.165987	2.019093	15.000000
132.285913	2.019077	12.000000
132.405838	2.019145	18.000000
132.524765	2.019255	13.000000
132.644692	2.019353	17.000000
132.764617	2.019362	14.000000
132.884544	2.019344	10.000000
133.004470	2.019344	21.000000
133.124396	2.019458	16.000000
133.244323	2.019579	15.000000
133.364277	2.019595	12.000000
133.484207	2.019585	14.000000
133.604134	2.019580	10.000000
133.724059	2.019678	12.000000
133.844985	2.019789	17.000000
133.961913	2.019817	7.000000
134.082839	2.019804	20.000000
134.200769	2.019810	9.000000
134.318696	2.019833	9.000000
134.437620	2.019885	12.000000
134.556546	2.019966	23.000000
134.676472	2.020058	10.000000
134.795400	2.020091	13.000000
134.912327	2.020111	19.000000
135.030256	2.020100	12.000000
135.150182	2.020120	9.000000
135.270108	2.020155	10.000000
135.390082	2.020238	19.000000
135.510010	2.020326	16.000000
135.629934	2.020351	6.000000
135.750862	2.020311	20.000000
135.870787	2.020358	13.000000
135.988713	2.020456	16.000000
136.106642	2.020509	8.000000
136.226566	2.020546	13.000000
136.344496	2.020581	17.000000
136.463419	2.020578	14.000000
136.582345	2.020618	11.000000
136.701273	2.020610	18.000000
136.818205	2.020650	8.000000
136.936132	2.020705	10.000000
137.057059	2.020786	12.000000
137.175982	2.020889	12.000000
137.295910	2.020920	16.000000
137.416834	2.020866	13.000000
137.536763	2.020929	13.000000
137.654690	2.021033	11.000000
137.772615	2.021112	14.000000
137.892544	2.021193	16.000000
138.014466	2.021228	30.000000
138.131392	2.021210	17.000000
138.251321	2.021214	12.000000
138.371249	2.021254	14.000000
138.491175	2.021318	6.000000
138.610097	2.021385	19.000000
138.729029	2.021370	8.000000
138.846958	2.021378	18.000000
138.965883	2.021402	9.000000
139.084805	2.021425	10.000000
139.201740	2.021466	15.000000
139.319666	2.021521	20.000000
139.439593	2.021588	13.000000
139.563511	2.021690	14.000000
139.682443	2.021629	14.000000
139.802369	2.021654	16.000000
139.922295	2.021727	17.000000
140.042221	2.021829	9.000000
140.162146	2.021877	7.000000
140.283069	2.021841	13.000000
140.402000	2.021857	15.000000
140.521925	2.021931	5.000000
140.642852	2.022055	12.000000
140.762778	2.022055	16.000000
140.882702	2.022026	15.000000
141.002630	2.022061	14.000000
141.122554	2.022174	14.000000
141.242483	2.022264	16.000000
141.362409	2.022282	7.000000
141.482335	2.022250	12.000000
141.603257	2.022273	15.000000
141.722188	2.022348	15.000000
141.841111	2.022444	21.000000
141.958043	2.022478	17.000000
142.075967	2.022527	15.000000
142.194892	2.022520	10.000000
142.312822	2.022542	9.000000
142.431748	2.022540	12.000000
142.550678	2.022575	9.000000
142.670604	2.022643	13.000000
142.788531	2.022749	9.000000
142.907455	2.022800	12.000000
143.026385	2.022845	10.000000
143.145308	2.022864	11.000000
143.264237	2.022887	9.000000
143.382166	2.022868	13.000000
143.502090	2.022925	15.000000
143.622017	2.023056	11.000000
143.741945	2.023123	7.000000
143.860872	2.023126	9.000000
143.980798	2.023143	15.000000
144.101718	2.023160	18.000000
144.220648	2.023230	11.000000
144.340601	2.023351	18.000000
144.458527	2.023436	14.000000
144.576457	2.023456	14.000000
144.695382	2.023474	12.000000
144.814311	2.023488	17.000000
144.934235	2.023497	11.000000
145.057159	2.023589	17.000000
145.174087	2.023705	18.000000
145.294013	2.023724	7.000000
145.411941	2.023697	14.000000
145.532865	2.023680	15.000000
145.651793	2.023756	14.000000
145.771719	2.023849	12.000000
145.891645	2.023903	15.000000
146.011571	2.023921	11.000000
146.131497	2.023903	10.000000
146.251423	2.023924	20.000000
146.371350	2.024033	15.000000
146.491276	2.024139	13.000000
146.611202	2.024120	18.000000
146.729130	2.024112	13.000000
146.850054	2.024158	15.000000
146.968982	2.024222	14.000000
147.086910	2.024304	8.000000
147.205836	2.024384	14.000000
147.325762	2.024445	15.000000
147.445689	2.024423	11.000000
147.565615	2.024416	15.000000
147.683542	2.024449	9.000000
147.801470	2.024510	11.000000
147.919398	2.024576	10.000000
148.039324	2.024625	9.000000
148.158250	2.024696	14.000000
148.276177	2.024696	6.000000
148.393106	2.024730	5.000000
148.511036	2.024757	10.000000
148.628961	2.024776	9.000000
148.747887	2.024803	7.000000
148.867814	2.024846	10.000000
148.985745	2.024936	15.000000
149.106667	2.025029	12.000000
149.225595	2.025063	11.000000
149.345520	2.025052	18.000000
149.465446	2.025031	11.000000
149.584373	2.025076	13.000000
149.704299	2.025168	14.000000
149.822227	2.025261	11.000000
149.940154	2.025294	4.000000
150.060080	2.025316	16.000000
150.180007	2.025299	13.000000
150.297934	2.025313	16.000000
150.416861	2.025369	12.000000
150.534788	2.025447	10.000000
150.654717	2.025508	12.000000
150.774643	2.025584	9.000000
150.892568	2.025574	9.000000
151.014493	2.025607	16.000000
151.134419	2.025612	10.000000
151.254345	2.025725	7.000000
151.372273	2.025813	9.000000
151.495197	2.025818	12.000000
151.615123	2.025784	8.000000
151.734050	2.025801	8.000000
151.850978	2.025906	7.000000
151.968905	2.025983	14.000000
152.087833	2.026071	16.000000
152.205760	2.026109	11.000000
152.325686	2.026157	12.000000
152.445612	2.026164	8.000000
152.566538	2.026239	17.000000
152.684465	2.026308	10.000000
152.802393	2.026353	11.000000
152.921320	2.026448	7.000000
153.039247	2.026561	8.000000
153.159173	2.026611	15.000000
153.279100	2.026619	13.000000
153.399026	2.026604	12.000000
153.518952	2.026686	10.000000
153.639878	2.026784	8.000000
153.759830	2.026787	8.000000
153.879754	2.026747	10.000000
153.998750	2.026740	10.000000
154.117678	2.026799	8.000000
154.235605	2.026869	14.000000
154.354532	2.026950	4.000000
154.474458	2.027017	11.000000
154.593385	2.027008	12.000000
154.711312	2.026988	11.000000
154.828240	2.027017	8.000000
154.946168	2.027040	7.000000
155.069092	2.027150	17.000000
155.188019	2.027206	12.000000
155.305946	2.027255	6.000000
155.427871	2.027258	13.000000
155.549796	2.027234	18.000000
155.668723	2.027306	11.000000
155.788650	2.027396	7.000000
155.908576	2.027437	11.000000
156.028502	2.027417	13.000000
156.146430	2.027408	8.000000
156.266358	2.027461	6.000000
156.385283	2.027539	9.000000
156.504210	2.027602	8.000000
156.624135	2.027655	7.000000
156.744061	2.027623	9.000000
156.863990	2.027582	9.000000
156.983918	2.027654	9.000000
157.104843	2.027805	12.000000
157.224770	2.027850	13.000000
157.344692	2.027834	9.000000
157.464622	2.027805	18.000000
157.584545	2.027892	12.000000
157.704471	2.028003	4.000000
157.824397	2.028030	16.000000
157.945323	2.028015	10.000000
158.064250	2.028008	13.000000
158.184176	2.028052	12.000000
158.304101	2.028152	10.000000
158.424028	2.028249	9.000000
158.543954	2.028227	8.000000
158.664880	2.028198	13.000000
158.784806	2.028275	9.000000
158.904732	2.028365	11.000000
159.024658	2.028416	9.000000
159.144585	2.028386	15.000000
159.264511	2.028400	14.000000
159.384438	2.028468	9.000000
159.504363	2.028539	11.000000
159.624290	2.028590	5.000000
159.742218	2.028532	21.000000
159.862144	2.028497	12.000000
159.982070	2.028459	8.000000
160.102994	2.028552	7.000000
160.221926	2.028664	6.000000
160.343847	2.028680	9.000000
160.462774	2.028650	10.000000
160.582700	2.028690	17.000000
160.700627	2.028741	13.000000
160.820556	2.028825	7.000000
160.940483	2.028850	8.000000
161.061406	2.028860	8.000000
161.181331	2.028870	15.000000
161.300261	2.028932	12.000000
161.420185	2.029033	9.000000
161.540111	2.029085	7.000000
161.660038	2.029037	9.000000
161.779964	2.029044	8.000000
161.898890	2.029158	7.000000
162.018817	2.029204	8.000000
162.136746	2.029282	6.000000
162.254671	2.029350	6.000000
162.372599	2.029396	10.000000
162.490527	2.029384	8.000000
162.611451	2.029420	9.000000
162.728380	2.029414	12.000000
162.848307	2.029449	11.000000
162.968233	2.029556	10.000000
163.088159	2.029657	6.000000
163.206089	2.029689	7.000000
163.324017	2.029721	12.000000
163.443940	2.029762	6.000000
163.563866	2.029805	11.000000
163.682793	2.029854	10.000000
163.802752	2.029951	6.000000
163.920677	2.029988	10.000000
164.038604	2.030055	13.000000
164.158530	2.030069	12.000000
164.276458	2.030014	7.000000
164.396384	2.030020	7.000000
164.516339	2.030078	5.000000
164.636262	2.030222	10.000000
164.756188	2.030281	13.000000
164.876115	2.030321	9.000000
164.996041	2.030301	10.000000
165.115967	2.030339	4.000000
165.235894	2.030447	7.000000
165.355820	2.030489	9.000000
165.475747	2.030490	7.000000
165.596671	2.030481	13.000000
165.715599	2.030540	6.000000
165.835525	2.030626	12.000000
165.955454	2.030690	9.000000
166.074909	2.030716	9.000000
166.193837	2.030653	11.000000
166.313763	2.030713	11.000000
166.433689	2.030823	9.000000
166.553615	2.030914	8.000000
166.673542	2.030951	8.000000
166.793468	2.030962	6.000000
166.912398	2.030933	9.000000
167.031321	2.030984	9.000000
167.150247	2.031091	13.000000
167.269175	2.031186	6.000000
167.389101	2.031236	4.000000
167.509027	2.031253	5.000000
167.628953	2.031242	7.000000
167.749879	2.031316	6.000000
167.870804	2.031413	8.000000
167.987735	2.031441	6.000000
168.108658	2.031480	7.000000
168.228584	2.031462	11.000000
168.348510	2.031482	5.000000
168.467441	2.031566	10.000000
168.588362	2.031660	15.000000
168.707290	2.031677	15.000000
168.828215	2.031642	8.000000
168.945143	2.031664	9.000000
169.066069	2.031734	5.000000
169.184996	2.031824	10.000000
169.304923	2.031889	5.000000
169.425847	2.031841	8.000000
169.545774	2.031830	12.000000
169.665699	2.031906	5.000000
169.784627	2.032004	12.000000
169.902557	2.032063	8.000000
170.020482	2.032095	7.000000
170.138409	2.032129	14.000000
170.256337	2.032141	9.000000
170.376263	2.032169	6.000000
170.496192	2.032144	9.000000
170.616118	2.032242	10.000000
170.735042	2.032336	5.000000
170.852971	2.032387	16.000000
170.969898	2.032431	16.000000
171.087825	2.032471	10.000000
171.207755	2.032480	11.000000
171.327678	2.032477	6.000000
171.447607	2.032500	10.000000
171.567530	2.032637	11.000000
171.686457	2.032716	14.000000
171.806383	2.032747	11.000000
171.926310	2.032718	12.000000
172.046235	2.032724	7.000000
172.166166	2.032819	6.000000
172.286091	2.032896	9.000000
172.406017	2.032947	8.000000
172.525943	2.032932	9.000000
172.646866	2.032961	5.000000
172.766792	2.033070	5.000000
172.886718	2.033167	12.000000
173.006644	2.033186	4.000000
173.126571	2.033139	6.000000
173.246497	2.033156	11.000000
173.366423	2.033224	5.000000
173.486350	2.033310	10.000000
173.606276	2.033356	4.000000
173.726202	2.033304	4.000000
173.846128	2.033319	8.000000
173.966057	2.033392	9.000000
174.085981	2.033507	9.000000
174.205906	2.033546	12.000000
174.326833	2.033510	9.000000
174.446762	2.033505	14.000000
174.565691	2.033594	10.000000
174.682614	2.033647	11.000000
174.802543	2.033713	6.000000
174.922466	2.033777	14.000000
175.041393	2.033757	13.000000
175.158321	2.033765	14.000000
175.276248	2.033789	13.000000
175.396174	2.033832	7.000000
175.514102	2.033879	9.000000
175.632030	2.034010	4.000000
175.750956	2.034128	11.000000
175.870883	2.034283	8.000000
175.990809	2.034402	5.000000
176.111734	2.034361	6.000000
176.230662	2.034409	11.000000
176.350588	2.034630	9.000000
176.470514	2.034798	10.000000
176.589443	2.034967	18.000000
176.709366	2.035056	10.000000
176.829293	2.035123	6.000000
176.949219	2.035364	4.000000
177.074142	2.035547	7.000000
177.192070	2.035478	10.000000
177.311996	2.035464	12.000000
177.431922	2.035614	16.000000
177.552851	2.035765	15.000000
177.670776	2.035872	9.000000
177.790702	2.035912	9.000000
177.910628	2.035774	17.000000
178.028555	2.035632	12.000000
178.148481	2.035707	15.000000
178.268407	2.036023	19.000000
178.388336	2.036064	11.000000
178.508260	2.036142	8.000000
178.628186	2.036211	10.000000
178.748112	2.036363	10.000000
178.868039	2.036456	13.000000
178.987965	2.036548	11.000000
179.107891	2.036598	15.000000
179.227817	2.036588	7.000000
179.347746	2.036636	11.000000
179.466670	2.036731	8.000000
179.587595	2.036852	15.000000
179.704524	2.036874	10.000000
179.824450	2.036856	16.000000
179.942378	2.036844	13.000000
180.062303	2.036887	10.000000
180.180231	2.036934	18.000000
180.300158	2.037012	13.000000
180.418088	2.037091	19.000000
180.538014	2.037175	12.000000
180.657937	2.037137	11.000000
180.776864	2.037134	12.000000
180.896791	2.037173	11.000000
181.017718	2.037256	16.000000
181.137642	2.037361	11.000000
181.255569	2.037341	11.000000
181.375495	2.037343	15.000000
181.495454	2.037357	7.000000
181.616380	2.037448	11.000000
181.736307	2.037532	14.000000
181.856233	2.037570	13.000000
181.976159	2.037567	12.000000
182.097083	2.037589	15.000000
182.216011	2.037657	13.000000
182.335940	2.037724	13.000000
182.456862	2.037686	7.000000
182.576789	2.037614	20.000000
182.696715	2.037636	23.000000
182.816641	2.037704	14.000000
182.936567	2.037781	14.000000
183.056494	2.037775	10.000000
183.176423	2.037761	14.000000
183.296346	2.037790	18.000000
183.414274	2.037865	23.000000
183.534199	2.037956	15.000000
183.654126	2.038052	20.000000
183.774052	2.038037	15.000000
183.891979	2.038025	20.000000
184.011906	2.038034	20.000000
184.132831	2.038127	22.000000
184.252761	2.038232	12.000000
184.372686	2.038243	16.000000
184.492610	2.038208	15.000000
184.613535	2.038228	27.000000
184.732462	2.038309	22.000000
184.851389	2.038406	12.000000
184.968318	2.038458	14.000000
185.089243	2.038538	18.000000
185.209169	2.038504	20.000000
185.327097	2.038490	20.000000
185.445024	2.038545	14.000000
185.568948	2.038684	13.000000
185.689874	2.038696	16.000000
185.809799	2.038680	28.000000
185.929729	2.038705	22.000000
186.049652	2.038812	18.000000
186.169579	2.038889	18.000000
186.289507	2.038892	15.000000
186.409434	2.038853	18.000000
186.529357	2.038899	22.000000
186.647284	2.038959	12.000000
186.767210	2.039034	15.000000
186.887137	2.039131	23.000000
187.007063	2.038927	23.000000
187.125989	2.038748	16.000000
187.244917	2.038750	25.000000
187.365842	2.038881	18.000000
187.483769	2.039056	18.000000
187.602696	2.039160	30.000000
187.721624	2.039261	19.000000
187.841553	2.039160	23.000000
187.961476	2.039061	28.000000
188.081402	2.039162	21.000000
188.201328	2.039384	25.000000
188.321254	2.039561	25.000000
188.441181	2.039426	28.000000
188.562107	2.039258	26.000000
188.681034	2.039288	24.000000
188.800960	2.039519	15.000000
188.922888	2.039621	23.000000
189.040812	2.039484	23.000000
189.160738	2.039449	31.000000
189.280665	2.039461	21.000000
189.400591	2.039714	20.000000
189.520518	2.039920	29.000000
189.640443	2.039870	24.000000
189.760370	2.039740	22.000000
189.880296	2.039737	25.000000
190.000222	2.039951	17.000000
190.118149	2.040125	16.000000
190.238075	2.040182	24.000000
190.358002	2.040059	22.000000
190.477927	2.039925	25.000000
190.597854	2.039998	21.000000
190.716781	2.040105	13.000000
190.836707	2.040302	24.000000
190.956633	2.040288	32.000000
191.076559	2.040158	21.000000
191.196486	2.040135	19.000000
191.314413	2.040425	22.000000
191.434340	2.040506	27.000000
191.558263	2.041151	25.000000
191.675191	2.042609	19.000000
191.795117	2.042816	19.000000
191.913045	2.041652	20.000000
192.032970	2.041304	15.000000
192.152897	2.041443	18.000000
192.270825	2.041280	22.000000
192.390750	2.040712	23.000000
192.510680	2.040498	22.000000
192.628604	2.040616	26.000000
192.748530	2.040735	30.000000
192.869456	2.041031	16.000000
192.986385	2.041219	23.000000
193.104312	2.041298	15.000000
193.225238	2.041225	23.000000
193.344164	2.041086	19.000000
193.465090	2.041112	21.000000
193.585016	2.041330	30.000000
193.705942	2.041426	27.000000
193.826867	2.041156	22.000000
193.947793	2.041127	19.000000
194.067719	2.041336	21.000000
194.187645	2.041557	20.000000
194.307571	2.041473	15.000000
194.426498	2.041284	21.000000
194.546425	2.041248	21.000000
