0.000000	2.210555	24.000000
0.119926	2.210553	21.000000
0.239853	2.210587	11.000000
0.359779	2.210664	14.000000
0.479706	2.210709	30.000000
0.599631	2.210706	31.000000
0.719561	2.210699	20.000000
0.838484	2.210748	16.000000
0.958410	2.210811	24.000000
1.076338	2.210861	16.000000
1.194266	2.210883	21.000000
1.313192	2.210889	14.000000
1.431120	2.210916	26.000000
1.549047	2.210966	25.000000
1.668973	2.211041	28.000000
1.787901	2.211011	26.000000
1.905827	2.211076	13.000000
2.024755	2.211143	28.000000
2.144681	2.211266	28.000000
2.263609	2.211310	33.000000
2.383534	2.211255	15.000000
2.505459	2.211208	22.000000
2.624386	2.211295	20.000000
2.743312	2.211383	25.000000
2.861240	2.211400	18.000000
2.980166	2.211365	13.000000
3.099093	2.211356	22.000000
3.217021	2.211365	25.000000
3.335948	2.211366	23.000000
3.454875	2.211371	21.000000
3.573802	2.211475	14.000000
3.692728	2.211595	17.000000
3.810656	2.211623	19.000000
3.931581	2.211617	14.000000
4.050508	2.211584	14.000000
4.170434	2.211649	13.000000
4.291360	2.211877	19.000000
4.408288	2.212126	12.000000
4.527230	2.212537	12.000000
4.645143	2.212369	10.000000
4.763070	2.212169	13.000000
4.880998	2.211896	13.000000
4.998925	2.211768	9.000000
5.118851	2.211777	19.000000
5.238777	2.211711	11.000000
5.358707	2.211783	16.000000
5.479630	2.211781	9.000000
5.598556	2.211591	11.000000
5.720481	2.211823	5.000000
5.839408	2.212421	10.000000
5.958336	2.212813	18.000000
6.076262	2.213002	12.000000
6.194191	2.212631	12.000000
6.313116	2.212556	14.000000
6.432043	2.212358	6.000000
6.551970	2.213229	15.000000
6.670899	2.214088	13.000000
6.789823	2.213556	18.000000
6.906788	2.212859	9.000000
7.024715	2.213611	10.000000
7.144639	2.213879	9.000000
7.262567	2.213229	15.000000
7.383496	2.212611	14.000000
7.502419	2.213380	13.000000
7.620347	2.213211	4.000000
7.739273	2.212254	5.000000
7.856202	2.211880	9.000000
7.975127	2.212186	15.000000
8.093055	2.213741	9.000000
8.209987	2.213503	7.000000
8.328909	2.212529	10.000000
8.448843	2.211922	8.000000
8.568763	2.211691	10.000000
8.686690	2.211623	8.000000
8.806617	2.211473	6.000000
8.925542	2.211510	10.000000
9.045469	2.211516	9.000000
9.163397	2.211531	5.000000
9.283323	2.211472	11.000000
9.402250	2.211475	9.000000
9.521177	2.211464	5.000000
9.639104	2.211542	8.000000
9.759034	2.211627	11.000000
9.878957	2.211696	8.000000
9.998883	2.211722	4.000000
10.116810	2.211696	13.000000
10.235737	2.211768	8.000000
10.352665	2.211772	4.000000
10.472591	2.211815	6.000000
10.592518	2.211864	8.000000
10.710445	2.211896	8.000000
10.829371	2.211893	4.000000
10.946300	2.211954	7.000000
11.065227	2.211932	6.000000
11.182158	2.211960	6.000000
11.301082	2.211980	8.000000
11.421038	2.212018	6.000000
11.541965	2.212080	5.000000
11.660891	2.212112	7.000000
11.778819	2.212071	6.000000
11.896749	2.212061	9.000000
12.015673	2.212057	8.000000
12.132601	2.212071	6.000000
12.250529	2.212086	4.000000
12.369455	2.212086	9.000000
12.488381	2.212169	6.000000
12.605310	2.212215	8.000000
12.725239	2.212230	6.000000
12.843164	2.212265	3.000000
12.963089	2.212250	3.000000
13.082017	2.212216	9.000000
13.199944	2.212178	7.000000
13.319874	2.212160	7.000000
13.439797	2.212187	7.000000
13.557727	2.212206	5.000000
13.675652	2.212175	5.000000
13.795581	2.212144	7.000000
13.913505	2.212097	5.000000
14.032432	2.212091	3.000000
14.151359	2.212082	8.000000
14.269287	2.212080	5.000000
14.389214	2.212100	4.000000
14.507140	2.212222	9.000000
14.624068	2.212325	11.000000
14.741995	2.212610	9.000000
14.861922	2.212840	8.000000
14.981848	2.212723	10.000000
15.100774	2.212772	10.000000
15.221700	2.212614	8.000000
15.339628	2.212384	9.000000
15.459554	2.212398	14.000000
15.577482	2.212448	11.000000
15.695409	2.212534	9.000000
15.813337	2.212529	5.000000
15.933262	2.212508	9.000000
16.055187	2.212518	6.000000
16.173116	2.212561	11.000000
16.292042	2.212610	5.000000
16.411973	2.212607	6.000000
16.530894	2.212549	4.000000
16.647823	2.212553	7.000000
16.767752	2.212550	5.000000
16.886676	2.212546	6.000000
17.006602	2.212572	6.000000
17.123530	2.212665	4.000000
17.243456	2.212685	10.000000
17.360385	2.212685	6.000000
17.478316	2.212706	3.000000
17.598238	2.212691	6.000000
17.716166	2.212639	9.000000
17.834093	2.212642	9.000000
17.953020	2.212697	4.000000
18.071947	2.212720	7.000000
18.189875	2.212799	7.000000
18.309841	2.212790	3.000000
18.428765	2.212781	7.000000
18.552688	2.212726	5.000000
18.672615	2.212761	9.000000
18.789542	2.212833	9.000000
18.910471	2.212852	7.000000
19.028396	2.212846	5.000000
19.148323	2.212778	7.000000
19.267248	2.212758	7.000000
19.384181	2.212814	4.000000
19.503103	2.212813	10.000000
19.620032	2.212859	13.000000
19.738958	2.212895	4.000000
19.855886	2.212964	8.000000
19.974813	2.213066	7.000000
20.094740	2.213039	5.000000
20.213667	2.213026	10.000000
20.333593	2.213075	4.000000
20.453518	2.213205	6.000000
20.572445	2.213373	3.000000
20.692372	2.213542	9.000000
20.812298	2.213322	7.000000
20.932225	2.213145	6.000000
21.054149	2.213083	6.000000
21.173080	2.213171	7.000000
21.295001	2.213252	8.000000
21.412929	2.213251	9.000000
21.531856	2.213171	3.000000
21.649810	2.213124	7.000000
21.768741	2.213115	5.000000
21.886665	2.213152	2.000000
22.004593	2.213153	6.000000
22.124519	2.213281	8.000000
22.244445	2.213255	5.000000
22.364371	2.213461	5.000000
22.481299	2.213515	5.000000
22.599227	2.213440	9.000000
22.717155	2.213330	10.000000
22.835082	2.213303	12.000000
22.955011	2.213281	3.000000
23.075933	2.213348	4.000000
23.192862	2.213365	6.000000
23.310799	2.213422	5.000000
23.430715	2.213452	5.000000
23.548643	2.213451	5.000000
23.666570	2.213458	6.000000
23.787498	2.213490	10.000000
23.906423	2.213585	5.000000
24.023350	2.213637	6.000000
24.141278	2.213715	5.000000
24.260205	2.213716	5.000000
24.378132	2.213652	3.000000
24.497058	2.213612	6.000000
24.617986	2.213597	7.000000
24.735912	2.213583	8.000000
24.852840	2.213609	11.000000
24.972766	2.213651	9.000000
25.092693	2.213724	10.000000
25.211619	2.213751	10.000000
25.330546	2.213757	5.000000
25.450472	2.213661	6.000000
25.569399	2.213661	6.000000
25.689326	2.213707	3.000000
25.809252	2.213748	4.000000
25.929178	2.213737	6.000000
26.048105	2.213724	6.000000
26.168031	2.213747	11.000000
26.285958	2.213745	9.000000
26.403886	2.213792	9.000000
26.523815	2.213818	12.000000
26.642743	2.213918	5.000000
26.760666	2.213956	5.000000
26.880593	2.214066	3.000000
26.999519	2.214143	11.000000
27.117448	2.213832	5.000000
27.235374	2.213777	7.000000
27.355301	2.213751	6.000000
27.474228	2.213876	1.000000
27.594154	2.213928	9.000000
27.714082	2.213878	6.000000
27.832007	2.213850	6.000000
27.951933	2.213841	3.000000
28.070860	2.213889	9.000000
28.189788	2.213895	7.000000
28.308713	2.213998	6.000000
28.429639	2.214023	7.000000
28.548566	2.214012	4.000000
28.668493	2.213976	9.000000
28.787419	2.213997	7.000000
28.906346	2.214085	3.000000
29.024273	2.214130	9.000000
29.143200	2.214178	8.000000
29.262127	2.214175	11.000000
29.380055	2.214137	6.000000
29.498981	2.214107	7.000000
29.617909	2.214087	6.000000
29.735836	2.214116	4.000000
29.855783	2.214142	5.000000
29.973719	2.214191	5.000000
30.093656	2.214241	5.000000
30.210570	2.214258	4.000000
30.330496	2.214267	6.000000
30.448536	2.214252	6.000000
30.567462	2.214244	3.000000
30.684391	2.214227	9.000000
30.803318	2.214232	3.000000
30.922245	2.214238	3.000000
31.043170	2.214311	7.000000
31.163097	2.214331	4.000000
31.283023	2.214302	2.000000
31.399951	2.214244	5.000000
31.518878	2.214243	13.000000
31.636806	2.214249	3.000000
31.753734	2.214262	5.000000
31.871661	2.214287	6.000000
31.991590	2.214330	5.000000
32.110514	2.214354	6.000000
32.228442	2.214394	10.000000
32.346370	2.214374	9.000000
32.464296	2.214374	4.000000
32.583222	2.214363	5.000000
32.702149	2.214334	2.000000
32.821076	2.214351	9.000000
32.939037	2.214375	4.000000
33.057968	2.214410	4.000000
33.177893	2.214482	8.000000
33.295822	2.214487	6.000000
33.414746	2.214453	3.000000
33.534676	2.214407	2.000000
33.652602	2.214452	7.000000
33.773525	2.214493	8.000000
33.894454	2.214595	9.000000
34.013377	2.214594	4.000000
34.132307	2.214563	3.000000
34.252228	2.214522	6.000000
34.370162	2.214522	13.000000
34.488088	2.214548	10.000000
34.606063	2.214568	10.000000
34.723943	2.214575	6.000000
34.841871	2.214624	6.000000
34.961793	2.214639	4.000000
35.082726	2.214624	9.000000
35.199667	2.214542	1.000000
35.318573	2.214546	8.000000
35.436501	2.214578	8.000000
35.554428	2.214587	6.000000
35.671359	2.214618	6.000000
35.789288	2.214648	6.000000
35.907346	2.214708	9.000000
36.026258	2.214742	10.000000
36.144186	2.214757	7.000000
36.263115	2.214772	8.000000
36.382039	2.214738	5.000000
36.498971	2.214728	7.000000
36.618894	2.214711	12.000000
36.736821	2.214726	10.000000
36.854749	2.214749	3.000000
36.972676	2.214830	6.000000
37.093602	2.214882	6.000000
37.210530	2.214926	8.000000
37.331455	2.214946	7.000000
37.451382	2.214880	4.000000
37.571307	2.214845	3.000000
37.688236	2.214867	6.000000
37.806167	2.214893	5.000000
37.924091	2.214929	2.000000
38.043017	2.214983	6.000000
38.161944	2.215004	3.000000
38.281870	2.215019	4.000000
38.401797	2.214980	9.000000
38.522722	2.214957	10.000000
38.639650	2.214993	9.000000
38.757577	2.215045	11.000000
38.875505	2.215102	6.000000
38.995432	2.215112	6.000000
39.113359	2.215121	6.000000
39.231287	2.215083	6.000000
39.351213	2.215146	6.000000
39.472138	2.215117	5.000000
39.590065	2.215187	7.000000
39.708996	2.215202	11.000000
39.827919	2.215242	6.000000
39.944847	2.215245	6.000000
40.062775	2.215254	7.000000
40.180702	2.215349	7.000000
40.301628	2.215260	10.000000
40.419555	2.215208	5.000000
40.541482	2.215218	5.000000
40.660407	2.215399	13.000000
40.779334	2.215381	7.000000
40.897262	2.215492	8.000000
41.015189	2.215552	6.000000
41.134116	2.215515	7.000000
41.253042	2.215582	7.000000
41.371970	2.215747	11.000000
41.490896	2.215828	5.000000
41.609823	2.216266	9.000000
41.727755	2.216725	7.000000
41.845682	2.216719	6.000000
41.966604	2.216623	6.000000
42.086530	2.216936	11.000000
42.204458	2.216925	2.000000
42.322385	2.218152	5.000000
42.442310	2.218607	5.000000
42.560238	2.219101	6.000000
42.680168	2.219124	3.000000
42.800091	2.218851	9.000000
42.918022	2.218416	12.000000
43.035945	2.218477	13.000000
43.153873	2.218973	10.000000
43.273800	2.219368	6.000000
43.391726	2.219196	11.000000
43.511686	2.218640	4.000000
43.629611	2.219365	10.000000
43.750536	2.218536	14.000000
43.868464	2.218413	7.000000
43.986423	2.219839	10.000000
44.105346	2.219849	6.000000
44.223274	2.218973	3.000000
44.341202	2.218272	9.000000
44.459129	2.217763	4.000000
44.578056	2.217377	4.000000
44.694987	2.217238	3.000000
44.815909	2.217078	5.000000
44.934836	2.217105	8.000000
45.053762	2.216963	11.000000
45.170691	2.216878	9.000000
45.289618	2.216869	4.000000
45.408545	2.216988	4.000000
45.527471	2.217017	10.000000
45.645399	2.216943	6.000000
45.763327	2.216945	9.000000
45.883253	2.216994	7.000000
46.001180	2.216907	5.000000
46.119107	2.216885	10.000000
46.238034	2.216895	8.000000
46.354962	2.216893	10.000000
46.474891	2.216931	5.000000
46.595814	2.217017	3.000000
46.714741	2.217053	12.000000
46.833671	2.217041	3.000000
46.953594	2.217014	11.000000
47.072521	2.217015	6.000000
47.192446	2.217039	10.000000
47.317370	2.217105	7.000000
47.435297	2.217094	8.000000
47.553225	2.217101	9.000000
47.671155	2.217093	6.000000
47.789079	2.217110	8.000000
47.907007	2.217088	11.000000
48.026937	2.217097	11.000000
48.144861	2.217149	7.000000
48.262789	2.217174	4.000000
48.382718	2.217165	7.000000
48.503640	2.217101	10.000000
48.622566	2.217017	12.000000
48.743493	2.216995	7.000000
48.861420	2.217050	7.000000
48.979347	2.216982	5.000000
49.100273	2.216946	3.000000
49.217202	2.216914	11.000000
49.335129	2.216896	5.000000
49.454056	2.216931	6.000000
49.570984	2.216956	8.000000
49.690909	2.217088	8.000000
49.808904	2.217209	8.000000
49.926765	2.217297	7.000000
50.047691	2.217249	5.000000
50.166617	2.217242	5.000000
50.287542	2.217178	12.000000
50.405470	2.217097	12.000000
50.523397	2.217090	6.000000
50.641325	2.217101	9.000000
50.759255	2.217133	10.000000
50.878180	2.217168	8.000000
50.998106	2.217235	8.000000
51.115034	2.217297	11.000000
51.234960	2.217310	6.000000
51.353887	2.217215	11.000000
51.472816	2.217166	8.000000
51.593740	2.217149	5.000000
51.712670	2.217250	9.000000
51.830594	2.217339	12.000000
51.948521	2.217308	7.000000
52.070446	2.217241	6.000000
52.187374	2.217195	2.000000
52.307300	2.217175	6.000000
52.425227	2.217242	13.000000
52.544155	2.217258	7.000000
52.661082	2.217336	5.000000
52.779013	2.217393	4.000000
52.896941	2.217406	15.000000
53.014865	2.217407	4.000000
53.134791	2.217398	12.000000
53.252718	2.217375	8.000000
53.372645	2.217369	3.000000
53.490572	2.217352	9.000000
53.610498	2.217413	10.000000
53.728426	2.217442	6.000000
53.846353	2.217467	10.000000
53.963282	2.217499	4.000000
54.082208	2.217525	7.000000
54.201138	2.217514	6.000000
54.320062	2.217506	8.000000
54.438992	2.217470	10.000000
54.558915	2.217445	11.000000
54.676842	2.217511	5.000000
54.811759	2.217513	10.000000
54.929687	2.217557	2.000000
55.050612	2.217598	4.000000
55.168539	2.217554	4.000000
55.286467	2.217528	6.000000
55.404398	2.217496	7.000000
55.524322	2.217490	10.000000
55.643247	2.217538	5.000000
55.762177	2.217561	4.000000
55.880105	2.217633	9.000000
55.998030	2.217647	6.000000
56.117956	2.217667	12.000000
56.235883	2.217621	8.000000
56.355810	2.217603	13.000000
56.475742	2.217572	8.000000
56.595663	2.217625	8.000000
56.713590	2.217693	9.000000
56.832523	2.217709	4.000000
56.950443	2.217674	8.000000
57.068371	2.217693	7.000000
57.186298	2.217661	3.000000
57.306225	2.217628	8.000000
57.424152	2.217616	7.000000
57.542079	2.217648	5.000000
57.662006	2.217699	7.000000
57.779933	2.217767	4.000000
57.897861	2.217776	4.000000
58.016787	2.217780	8.000000
58.133715	2.217798	8.000000
58.251643	2.217767	5.000000
58.371570	2.217746	7.000000
58.490496	2.217682	4.000000
58.608424	2.217686	9.000000
58.728350	2.217694	6.000000
58.846328	2.217802	8.000000
58.964205	2.217870	10.000000
59.085130	2.217908	8.000000
59.202058	2.217924	7.000000
59.319989	2.217981	7.000000
59.438912	2.217972	11.000000
59.557840	2.217799	11.000000
59.676812	2.217848	5.000000
59.795769	2.217944	12.000000
59.913693	2.217987	12.000000
60.033619	2.217957	5.000000
60.151547	2.217952	4.000000
60.272476	2.217931	5.000000
60.391399	2.217912	13.000000
60.508328	2.217915	4.000000
60.626255	2.217918	13.000000
60.746184	2.217966	10.000000
60.866107	2.218047	4.000000
60.984035	2.218066	11.000000
61.101963	2.218059	8.000000
61.219890	2.218071	11.000000
61.340815	2.218051	6.000000
61.458743	2.218042	9.000000
61.576671	2.218085	6.000000
61.693602	2.218106	9.000000
61.811526	2.218149	12.000000
61.932451	2.218219	6.000000
62.051379	2.218243	5.000000
62.169306	2.218262	13.000000
62.289233	2.218263	9.000000
62.406160	2.218205	12.000000
62.526089	2.218195	11.000000
62.645013	2.218236	7.000000
62.763940	2.218286	8.000000
62.881867	2.218343	4.000000
63.001793	2.218350	9.000000
63.119721	2.218329	6.000000
63.237649	2.218327	5.000000
63.357574	2.218314	5.000000
63.476501	2.218312	5.000000
63.594429	2.218326	7.000000
63.713356	2.218355	9.000000
63.832283	2.218404	7.000000
63.950213	2.218433	3.000000
64.068138	2.218428	9.000000
64.188064	2.218422	6.000000
64.305991	2.218364	8.000000
64.423918	2.218352	8.000000
64.542845	2.218365	13.000000
64.659774	2.218405	6.000000
64.778700	2.218428	3.000000
64.895629	2.218480	11.000000
65.013556	2.218523	6.000000
65.134481	2.218585	9.000000
65.254408	2.218564	5.000000
65.373338	2.218535	6.000000
65.490263	2.218538	15.000000
65.608191	2.218547	13.000000
65.726118	2.218547	10.000000
65.844045	2.218575	8.000000
65.961975	2.218639	15.000000
66.080899	2.218738	13.000000
66.199826	2.218784	9.000000
66.317754	2.218796	15.000000
66.435681	2.218777	5.000000
66.555607	2.218745	16.000000
66.675534	2.218694	5.000000
66.795459	2.218686	13.000000
66.915386	2.218723	6.000000
67.034317	2.218810	8.000000
67.152240	2.218839	6.000000
67.272166	2.218799	5.000000
67.390094	2.218742	6.000000
67.508021	2.218730	9.000000
67.625949	2.218729	10.000000
67.743876	2.218736	14.000000
67.861803	2.218799	6.000000
67.979731	2.218829	15.000000
68.099657	2.218860	8.000000
68.217585	2.218898	5.000000
68.337511	2.218912	9.000000
68.457441	2.218854	15.000000
68.576364	2.218810	9.000000
68.694291	2.218825	12.000000
68.811219	2.218842	13.000000
68.931146	2.218867	15.000000
69.050073	2.218970	6.000000
69.169000	2.218976	12.000000
69.287926	2.218979	13.000000
69.406853	2.218982	6.000000
69.524783	2.218925	10.000000
69.644706	2.218921	16.000000
69.764633	2.218974	13.000000
69.884559	2.219051	12.000000
70.003533	2.219086	17.000000
70.123412	2.219084	19.000000
70.241339	2.219029	11.000000
70.359267	2.219061	16.000000
70.479194	2.219064	15.000000
70.597121	2.219109	4.000000
70.717046	2.219173	5.000000
70.836977	2.219212	12.000000
70.954903	2.219208	7.000000
71.075826	2.219229	10.000000
71.192754	2.219228	8.000000
71.310682	2.219235	12.000000
71.428613	2.219244	12.000000
71.548535	2.219330	8.000000
71.668462	2.219429	15.000000
71.785389	2.219440	15.000000
71.905316	2.219455	7.000000
72.025242	2.219389	11.000000
72.146167	2.219348	11.000000
72.268093	2.219420	8.000000
72.386020	2.219464	8.000000
72.505947	2.219446	15.000000
72.625876	2.219389	8.000000
72.745802	2.219363	10.000000
72.863727	2.219412	11.000000
72.983685	2.219441	10.000000
73.103612	2.219505	7.000000
73.222535	2.219518	3.000000
73.342462	2.219441	7.000000
73.460389	2.219427	16.000000
73.580315	2.219424	6.000000
73.700242	2.219518	7.000000
73.818169	2.219560	9.000000
73.938095	2.219579	9.000000
74.058022	2.219534	14.000000
74.175949	2.219507	14.000000
74.295875	2.219495	6.000000
74.413803	2.219551	6.000000
74.531731	2.219591	8.000000
74.651660	2.219618	11.000000
74.771585	2.219647	10.000000
74.891509	2.219656	8.000000
75.010435	2.219583	7.000000
75.127363	2.219551	13.000000
75.247290	2.219510	7.000000
75.367216	2.219551	12.000000
75.485143	2.219609	14.000000
75.603071	2.219586	14.000000
75.721998	2.219601	12.000000
75.840925	2.219606	6.000000
75.959853	2.219553	6.000000
76.076779	2.219571	6.000000
76.194707	2.219563	15.000000
76.313633	2.219635	11.000000
76.431561	2.219716	8.000000
76.551487	2.219897	11.000000
76.670413	2.219986	10.000000
76.789341	2.220032	14.000000
76.909267	2.220078	7.000000
77.029197	2.220032	13.000000
77.149120	2.220042	12.000000
77.268046	2.220123	10.000000
77.384974	2.220164	10.000000
77.503901	2.220181	12.000000
77.622828	2.220085	11.000000
77.740756	2.219965	9.000000
77.858683	2.219966	15.000000
77.978610	2.220000	9.000000
78.098536	2.220000	15.000000
78.217463	2.220053	4.000000
78.335390	2.220105	16.000000
78.453318	2.220171	9.000000
78.571245	2.220178	11.000000
78.689175	2.220183	10.000000
78.807100	2.220209	16.000000
78.926025	2.220187	15.000000
79.045954	2.220186	6.000000
79.162881	2.220186	14.000000
79.282807	2.220239	12.000000
79.400744	2.220331	10.000000
79.518661	2.220358	15.000000
79.636590	2.220407	12.000000
79.755515	2.220416	6.000000
79.873444	2.220415	10.000000
79.991371	2.220419	15.000000
80.111298	2.220399	16.000000
80.229228	2.220367	9.000000
80.348151	2.220389	11.000000
80.465080	2.220428	10.000000
80.584006	2.220482	13.000000
80.700938	2.220518	15.000000
80.820864	2.220543	12.000000
80.938788	2.220578	12.000000
81.056716	2.220584	9.000000
81.177641	2.220563	13.000000
81.295568	2.220515	10.000000
81.413496	2.220528	11.000000
81.531424	2.220564	11.000000
81.649351	2.220609	15.000000
81.767278	2.220625	12.000000
81.886205	2.220685	10.000000
82.004133	2.220700	12.000000
82.121061	2.220757	11.000000
82.241987	2.220776	7.000000
82.358914	2.220728	5.000000
82.477841	2.220720	10.000000
82.596768	2.220741	14.000000
82.714695	2.220764	11.000000
82.832623	2.220784	12.000000
82.951550	2.220879	17.000000
83.069478	2.220883	10.000000
83.187405	2.220897	8.000000
83.307331	2.220872	8.000000
83.427258	2.220798	9.000000
83.546184	2.220735	5.000000
83.663112	2.220694	7.000000
83.781077	2.220694	8.000000
83.900006	2.220755	16.000000
84.016997	2.220807	10.000000
84.134862	2.220871	8.000000
84.252790	2.220911	5.000000
84.372825	2.220891	13.000000
84.490750	2.220917	11.000000
84.608677	2.220934	11.000000
84.726605	2.221001	12.000000
84.844535	2.221057	10.000000
84.963459	2.221091	11.000000
85.082386	2.221133	8.000000
85.199322	2.221169	5.000000
85.318241	2.221228	10.000000
85.452157	2.221249	10.000000
85.570086	2.221306	22.000000
85.688013	2.221361	9.000000
85.805941	2.221341	9.000000
85.923868	2.221335	7.000000
86.041795	2.221313	13.000000
86.159722	2.221303	10.000000
86.277650	2.221269	16.000000
86.395581	2.221271	14.000000
86.513505	2.221289	10.000000
86.631433	2.221313	14.000000
86.749360	2.221375	18.000000
86.867287	2.221382	14.000000
86.985215	2.221420	12.000000
87.103142	2.221452	7.000000
87.221070	2.221468	11.000000
87.339996	2.221483	11.000000
87.457924	2.221503	8.000000
87.576850	2.221477	10.000000
87.695777	2.221452	11.000000
87.812706	2.221443	15.000000
87.930634	2.221443	2.000000
88.050559	2.221461	10.000000
88.170485	2.221556	13.000000
88.288413	2.221588	16.000000
88.406340	2.221587	11.000000
88.523273	2.221579	15.000000
88.643195	2.221582	11.000000
88.763121	2.221570	7.000000
88.881050	2.221535	7.000000
88.999974	2.221564	18.000000
89.116903	2.221606	18.000000
89.234834	2.221642	10.000000
89.352757	2.221669	14.000000
89.472685	2.221692	13.000000
89.591611	2.221681	13.000000
89.710537	2.221674	15.000000
89.829465	2.221642	12.000000
89.947395	2.221617	6.000000
90.066319	2.221642	9.000000
90.183253	2.221667	9.000000
90.302177	2.221701	6.000000
90.420102	2.221758	20.000000
90.537030	2.221791	6.000000
90.654957	2.221823	12.000000
90.774883	2.221826	17.000000
90.893810	2.221786	9.000000
91.012740	2.221786	14.000000
91.130665	2.221815	17.000000
91.249590	2.221849	14.000000
91.369517	2.221889	11.000000
91.487445	2.222003	23.000000
91.605373	2.222037	9.000000
91.723300	2.222029	9.000000
91.843229	2.221942	14.000000
91.962152	2.221893	13.000000
92.080080	2.221896	6.000000
92.198008	2.221873	14.000000
92.317935	2.221910	11.000000
92.436861	2.221933	10.000000
92.553789	2.221951	18.000000
92.671717	2.221992	13.000000
92.789644	2.221988	20.000000
92.909573	2.221954	13.000000
93.029496	2.221867	13.000000
93.146425	2.221877	7.000000
93.264352	2.221866	13.000000
93.383278	2.221870	13.000000
93.503204	2.221896	12.000000
93.622135	2.221956	9.000000
93.741058	2.221970	13.000000
93.857986	2.221907	13.000000
93.977913	2.221434	18.000000
94.095840	2.221106	13.000000
94.213768	2.220900	7.000000
94.333694	2.220882	15.000000
94.452620	2.220879	7.000000
94.571547	2.220750	13.000000
94.692473	2.220735	10.000000
94.810432	2.220673	8.000000
94.931355	2.220729	11.000000
95.050282	2.220741	17.000000
95.168209	2.220746	9.000000
95.286136	2.220778	11.000000
95.406063	2.220912	12.000000
95.523990	2.221008	15.000000
95.642917	2.221071	8.000000
95.759845	2.221208	13.000000
95.877771	2.221172	16.000000
95.995699	2.221165	9.000000
96.115626	2.221025	9.000000
96.233553	2.220967	15.000000
96.352480	2.220952	11.000000
96.470408	2.220908	7.000000
96.589337	2.220926	10.000000
96.706263	2.221021	15.000000
96.824190	2.221097	9.000000
96.942118	2.221107	14.000000
97.060045	2.220996	7.000000
97.179971	2.221045	6.000000
97.297898	2.221075	8.000000
97.415826	2.221054	11.000000
97.534753	2.221083	14.000000
97.654679	2.221211	6.000000
97.771607	2.221298	8.000000
97.889534	2.221286	11.000000
98.008461	2.221219	14.000000
98.126389	2.221193	10.000000
98.246315	2.221141	11.000000
98.366245	2.221114	8.000000
98.486207	2.221144	11.000000
98.605131	2.221187	4.000000
98.722059	2.221220	17.000000
98.839986	2.221204	12.000000
98.959916	2.221196	11.000000
99.078840	2.221150	12.000000
99.196766	2.221176	17.000000
99.314694	2.221202	13.000000
99.432621	2.221265	15.000000
99.551549	2.221414	6.000000
99.670476	2.221579	8.000000
99.788403	2.221684	15.000000
99.908329	2.221764	12.000000
100.026257	2.221681	13.000000
100.144185	2.221605	15.000000
100.264111	2.221571	14.000000
100.384037	2.221552	8.000000
100.501964	2.221648	26.000000
100.622939	2.221802	12.000000
100.741866	2.221928	15.000000
100.859795	2.221872	16.000000
100.979720	2.221800	13.000000
101.099646	2.221729	14.000000
101.217577	2.221710	16.000000
101.336500	2.221768	18.000000
101.456427	2.221832	14.000000
101.574357	2.221849	17.000000
101.693281	2.221855	12.000000
101.810209	2.221860	10.000000
101.929135	2.221848	16.000000
102.047063	2.221834	13.000000
102.165989	2.221790	15.000000
102.286915	2.221825	14.000000
102.404843	2.221906	10.000000
102.523773	2.221957	11.000000
102.641697	2.221933	8.000000
102.759630	2.221942	15.000000
102.879556	2.221906	11.000000
103.000479	2.221852	12.000000
103.118405	2.221880	5.000000
103.236382	2.221902	11.000000
103.354259	2.221878	10.000000
103.472187	2.221840	14.000000
103.593112	2.221803	13.000000
103.710040	2.221794	11.000000
103.827967	2.221738	8.000000
103.945894	2.221686	12.000000
104.064822	2.221609	9.000000
104.181753	2.221603	12.000000
104.299677	2.221718	12.000000
104.417608	2.221791	17.000000
104.535531	2.221806	10.000000
104.656457	2.221849	9.000000
104.775384	2.221916	10.000000
104.892313	2.221861	17.000000
105.010240	2.221713	10.000000
105.128167	2.221725	11.000000
105.248094	2.221698	13.000000
105.368020	2.221646	16.000000
105.485947	2.221721	12.000000
105.606874	2.221762	8.000000
105.725803	2.221858	7.000000
105.844727	2.221852	10.000000
105.961654	2.221872	18.000000
106.079582	2.221886	9.000000
106.197510	2.221970	11.000000
106.315437	2.222012	8.000000
106.433365	2.222029	13.000000
106.554290	2.222041	9.000000
106.671217	2.222083	15.000000
106.791144	2.222115	12.000000
106.909072	2.222136	15.000000
107.026999	2.222139	16.000000
107.144927	2.222108	11.000000
107.262856	2.222119	11.000000
107.380782	2.222076	11.000000
107.498709	2.222084	11.000000
107.618635	2.222079	11.000000
107.737562	2.222133	15.000000
107.857489	2.222203	15.000000
107.974416	2.222249	10.000000
108.095342	2.222250	15.000000
108.213269	2.222206	9.000000
108.331197	2.222192	12.000000
108.449124	2.222191	12.000000
108.567059	2.222220	16.000000
108.684979	2.222237	14.000000
108.804905	2.222256	7.000000
108.924832	2.222334	12.000000
109.043758	2.222342	11.000000
109.160686	2.222321	10.000000
109.281612	2.222324	14.000000
109.398543	2.222273	6.000000
109.520465	2.222284	16.000000
109.637393	2.222331	8.000000
109.755324	2.222397	14.000000
109.873254	2.222435	13.000000
109.993175	2.222508	13.000000
110.113101	2.222495	11.000000
110.233027	2.222458	10.000000
110.352953	2.222495	7.000000
110.470880	2.222772	14.000000
110.591805	2.222870	4.000000
110.709733	2.222946	15.000000
110.827661	2.222937	10.000000
110.946587	2.222939	15.000000
111.065515	2.222922	15.000000
111.185441	2.222847	10.000000
111.303411	2.222864	8.000000
111.421341	2.222887	4.000000
111.539275	2.222913	11.000000
111.657200	2.222951	8.000000
111.774124	2.222986	10.000000
111.892052	2.222993	8.000000
112.010976	2.222986	9.000000
112.129906	2.223006	16.000000
112.248830	2.222906	9.000000
112.366758	2.222894	14.000000
112.484775	2.222913	9.000000
112.602705	2.222939	9.000000
112.720637	2.222943	15.000000
112.838561	2.222983	5.000000
112.957487	2.223021	7.000000
113.077413	2.223036	13.000000
113.197340	2.223029	13.000000
113.317270	2.222990	16.000000
113.435194	2.222974	13.000000
113.553121	2.222978	11.000000
113.673047	2.222978	17.000000
113.790975	2.223021	10.000000
113.908902	2.223062	7.000000
114.026830	2.223085	9.000000
114.144797	2.223088	12.000000
114.264683	2.223108	13.000000
114.382610	2.223048	8.000000
114.500537	2.223047	13.000000
114.619465	2.223038	12.000000
114.737400	2.223056	4.000000
114.856318	2.223059	14.000000
114.973247	2.223105	13.000000
115.093174	2.223155	13.000000
115.211101	2.223276	16.000000
115.331027	2.223293	11.000000
115.448955	2.223235	13.000000
115.567881	2.223279	18.000000
115.684810	2.223251	8.000000
115.804741	2.223262	10.000000
115.924662	2.223299	8.000000
116.043589	2.223364	11.000000
116.162515	2.223366	9.000000
116.284440	2.223283	8.000000
116.404366	2.223199	9.000000
116.523293	2.223306	14.000000
116.640222	2.223332	7.000000
116.758149	2.223355	15.000000
116.876077	2.223378	13.000000
116.994004	2.223444	9.000000
117.111935	2.223468	13.000000
117.229859	2.223471	16.000000
117.348785	2.223489	9.000000
117.467712	2.223480	13.000000
117.586639	2.223465	5.000000
117.703567	2.223479	12.000000
117.822495	2.223511	8.000000
117.940422	2.223569	15.000000
118.058349	2.223613	9.000000
118.178276	2.223662	8.000000
118.296202	2.223721	16.000000
118.414130	2.223743	10.000000
118.534056	2.223767	13.000000
118.651984	2.223746	10.000000
118.769967	2.223756	10.000000
118.888838	2.223782	8.000000
119.005766	2.223842	9.000000
119.125693	2.223897	12.000000
119.243622	2.223967	12.000000
119.361577	2.224011	11.000000
119.479502	2.224008	18.000000
119.599427	2.223997	8.000000
119.717358	2.224030	9.000000
119.835301	2.224005	14.000000
119.955209	2.224016	12.000000
120.073136	2.224054	9.000000
120.192062	2.224097	8.000000
120.308991	2.224117	16.000000
120.427917	2.224084	14.000000
120.546845	2.224219	8.000000
120.666771	2.224355	7.000000
120.786697	2.224155	8.000000
120.904624	2.224188	8.000000
121.022552	2.224284	9.000000
121.141479	2.224359	7.000000
121.259409	2.224380	11.000000
121.377334	2.224405	14.000000
121.495261	2.224513	6.000000
121.615238	2.224611	13.000000
121.735114	2.224590	1.000000
121.853041	2.224565	11.000000
121.970968	2.224565	6.000000
122.089895	2.224481	15.000000
122.206823	2.224440	11.000000
122.324750	2.224631	11.000000
122.442682	2.225270	16.000000
122.562604	2.226289	4.000000
122.680532	2.226535	9.000000
122.801461	2.226624	10.000000
122.919385	2.226357	11.000000
123.037312	2.226430	13.000000
123.155240	2.226376	17.000000
123.274167	2.226212	10.000000
123.391094	2.225978	9.000000
123.509022	2.226120	15.000000
123.627955	2.226987	7.000000
123.744877	2.227161	11.000000
123.864807	2.226675	13.000000
123.982730	2.226280	11.000000
124.100658	2.226123	9.000000
124.218585	2.226093	10.000000
124.336513	2.226254	9.000000
124.457471	2.226942	8.000000
124.575396	2.227850	13.000000
124.693323	2.227893	14.000000
124.812250	2.227188	10.000000
124.930178	2.226588	11.000000
125.047106	2.226353	9.000000
125.165034	2.226141	13.000000
125.282970	2.226047	7.000000
125.400888	2.225934	9.000000
125.518816	2.225887	17.000000
125.638745	2.225844	8.000000
125.756669	2.225832	9.000000
125.874597	2.225824	10.000000
125.994525	2.225745	7.000000
126.114449	2.225851	11.000000
126.231381	2.225874	8.000000
126.349307	2.225917	6.000000
126.467232	2.225980	7.000000
126.588158	2.226067	7.000000
126.705106	2.226070	5.000000
126.823013	2.226131	8.000000
126.940941	2.226155	6.000000
127.060867	2.226192	10.000000
127.178794	2.226279	6.000000
127.296721	2.226317	8.000000
127.414649	2.226324	9.000000
127.532577	2.226349	12.000000
127.650504	2.226361	11.000000
127.768432	2.226367	9.000000
127.888358	2.226381	5.000000
128.006289	2.226396	9.000000
128.126211	2.226445	8.000000
128.244139	2.226540	8.000000
128.362066	2.226631	6.000000
128.479994	2.226675	9.000000
128.597921	2.226723	9.000000
128.717847	2.226740	7.000000
128.835774	2.226700	4.000000
128.954701	2.226663	8.000000
129.071630	2.226627	6.000000
129.191556	2.226630	5.000000
129.310483	2.226668	7.000000
129.428411	2.226744	14.000000
129.547337	2.226799	7.000000
129.664266	2.226877	8.000000
129.782193	2.226907	3.000000
129.901119	2.226947	12.000000
130.019047	2.226961	8.000000
130.135975	2.226982	7.000000
130.255901	2.226947	12.000000
130.373829	2.226913	10.000000
130.491756	2.226923	10.000000
130.612681	2.226936	9.000000
130.731608	2.227022	6.000000
130.851534	2.227074	14.000000
130.970462	2.227037	3.000000
131.089388	2.227028	5.000000
131.208315	2.227031	5.000000
131.328242	2.227049	10.000000
131.446171	2.227101	10.000000
131.565096	2.227151	7.000000
131.682023	2.227194	10.000000
131.799951	2.227219	10.000000
131.918878	2.227257	13.000000
132.037804	2.227286	11.000000
132.158731	2.227222	9.000000
132.275659	2.227199	5.000000
132.395590	2.227226	8.000000
132.514512	2.227313	7.000000
132.632439	2.227377	11.000000
132.750366	2.227435	4.000000
132.868294	2.227460	8.000000
132.986222	2.227477	10.000000
133.105148	2.227457	5.000000
133.222076	2.227454	7.000000
133.340004	2.227463	10.000000
133.459933	2.227452	3.000000
133.578857	2.227477	5.000000
133.695785	2.227524	10.000000
133.813713	2.227574	8.000000
133.931640	2.227632	10.000000
134.050566	2.227690	7.000000
134.168494	2.227733	8.000000
134.289451	2.227751	6.000000
134.409378	2.227719	6.000000
134.528305	2.227684	5.000000
134.646232	2.227744	9.000000
134.764160	2.227797	7.000000
134.884086	2.227850	7.000000
135.003012	2.227916	13.000000
135.119941	2.227969	9.000000
135.238867	2.228001	11.000000
135.355795	2.227983	10.000000
135.474721	2.227974	7.000000
135.593649	2.227959	9.000000
135.711576	2.227977	6.000000
135.831502	2.228069	5.000000
135.949434	2.228133	5.000000
136.067358	2.228159	11.000000
136.185285	2.228175	7.000000
136.303213	2.228206	9.000000
136.421141	2.228233	2.000000
136.541066	2.228191	8.000000
136.660992	2.228130	6.000000
136.778920	2.228166	6.000000
136.898846	2.228082	8.000000
137.017780	2.228122	10.000000
137.134701	2.228220	11.000000
137.253628	2.228308	9.000000
137.371555	2.228195	4.000000
137.490482	2.228067	11.000000
137.608409	2.227975	7.000000
137.728336	2.227905	6.000000
137.846263	2.227960	5.000000
137.964190	2.227953	8.000000
138.083117	2.227972	8.000000
138.200046	2.227997	7.000000
138.317973	2.227995	11.000000
138.436900	2.228009	10.000000
138.556826	2.227969	11.000000
138.673754	2.227936	8.000000
138.793680	2.227983	5.000000
138.912606	2.228020	7.000000
139.029535	2.228084	4.000000
139.148462	2.228154	7.000000
139.268388	2.228311	8.000000
139.386315	2.228461	13.000000
139.504243	2.228699	8.000000
139.623169	2.228706	3.000000
139.742097	2.228621	4.000000
139.863027	2.228491	11.000000
139.979950	2.228641	12.000000
140.097878	2.228767	8.000000
140.215809	2.228897	9.000000
140.334732	2.229077	10.000000
140.451660	2.229228	7.000000
140.569587	2.229541	10.000000
140.687519	2.229369	7.000000
140.806442	2.229332	13.000000
140.926371	2.229187	15.000000
141.045296	2.229282	9.000000
141.162223	2.229518	15.000000
141.282149	2.229552	5.000000
141.399077	2.229552	5.000000
141.517005	2.229570	9.000000
141.636931	2.229614	6.000000
141.755857	2.229648	5.000000
141.872789	2.229678	8.000000
141.992712	2.229778	5.000000
142.110639	2.229774	8.000000
142.228567	2.229749	6.000000
142.347497	2.229839	9.000000
142.468419	2.229948	4.000000
142.586347	2.230119	8.000000
142.703275	2.230211	7.000000
142.823201	2.230278	7.000000
142.941129	2.230275	3.000000
143.059055	2.230263	4.000000
143.176983	2.230191	7.000000
143.296910	2.230154	10.000000
143.414837	2.230153	3.000000
143.532765	2.230141	10.000000
143.650692	2.230219	5.000000
143.768619	2.230284	5.000000
143.886547	2.230359	13.000000
144.005475	2.230421	7.000000
144.125400	2.230469	9.000000
144.244327	2.230452	11.000000
144.361254	2.230423	8.000000
144.479182	2.230417	12.000000
144.597110	2.230444	10.000000
144.715037	2.230421	7.000000
144.832965	2.230470	7.000000
144.952890	2.230473	8.000000
145.070818	2.230522	6.000000
145.190745	2.230528	6.000000
145.308727	2.230502	8.000000
145.428598	2.230486	7.000000
145.546525	2.230411	10.000000
145.665453	2.230368	10.000000
145.783380	2.230424	10.000000
145.901307	2.230490	6.000000
146.021235	2.230505	7.000000
146.140160	2.230550	7.000000
146.260087	2.230548	8.000000
146.379013	2.230511	8.000000
146.495942	2.230499	11.000000
146.614869	2.230513	6.000000
146.731797	2.230525	9.000000
146.849724	2.230533	8.000000
146.968676	2.230598	10.000000
147.086603	2.230615	9.000000
147.203535	2.230675	8.000000
147.324462	2.230756	10.000000
147.442387	2.230768	9.000000
147.561310	2.230795	8.000000
147.679238	2.230795	7.000000
147.797165	2.230843	8.000000
147.915093	2.230777	8.000000
148.038018	2.230754	8.000000
148.155946	2.230835	11.000000
148.273873	2.230844	5.000000
148.393799	2.230864	9.000000
148.512725	2.230827	9.000000
148.629653	2.230844	6.000000
148.747581	2.231021	9.000000
148.865509	2.231093	7.000000
148.983436	2.231134	8.000000
149.101364	2.231123	5.000000
149.220290	2.231183	9.000000
149.337218	2.231248	6.000000
149.457145	2.231293	11.000000
149.576071	2.231250	8.000000
149.693000	2.231145	5.000000
149.811925	2.231059	12.000000
149.928858	2.231038	4.000000
150.046782	2.231018	13.000000
150.166708	2.230986	9.000000
150.287633	2.230891	13.000000
150.404562	2.230971	13.000000
150.526486	2.231052	5.000000
150.643414	2.230980	11.000000
150.762341	2.230942	8.000000
150.880269	2.230928	9.000000
150.997241	2.230963	9.000000
151.115166	2.230971	10.000000
151.233094	2.230981	13.000000
151.351021	2.231032	12.000000
151.468949	2.231067	12.000000
151.589874	2.231161	12.000000
151.706802	2.231259	6.000000
151.824729	2.231305	10.000000
151.942657	2.231343	10.000000
152.062587	2.231383	22.000000
152.180511	2.231261	14.000000
152.300437	2.231328	9.000000
152.418365	2.231392	11.000000
152.536291	2.231419	13.000000
152.656219	2.231458	12.000000
152.774146	2.231526	10.000000
152.892073	2.231567	13.000000
153.010001	2.231580	14.000000
153.127928	2.231570	8.000000
153.245855	2.231554	12.000000
153.363783	2.231546	11.000000
153.481710	2.231546	15.000000
153.599638	2.231554	13.000000
153.719564	2.231564	13.000000
153.838491	2.231676	14.000000
153.958421	2.231721	13.000000
154.076345	2.231760	16.000000
154.194272	2.231763	11.000000
154.313199	2.231813	15.000000
154.430126	2.231789	12.000000
154.549084	2.231778	11.000000
154.666011	2.231792	7.000000
154.785938	2.231802	16.000000
154.903866	2.231857	10.000000
155.021793	2.231949	6.000000
155.139721	2.232002	14.000000
155.257648	2.232091	16.000000
155.375576	2.232167	10.000000
155.493503	2.232201	16.000000
155.611434	2.232219	15.000000
155.729361	2.232236	11.000000
155.849287	2.232220	15.000000
155.967211	2.232167	19.000000
156.086138	2.232164	15.000000
156.203066	2.232170	9.000000
156.322993	2.232213	16.000000
156.443919	2.232304	19.000000
156.560850	2.232344	14.000000
156.680773	2.232361	11.000000
156.798704	2.232283	10.000000
156.918626	2.232294	19.000000
157.039552	2.232292	20.000000
157.160478	2.232387	18.000000
157.280405	2.232481	8.000000
157.400330	2.232478	21.000000
157.519257	2.232481	15.000000
157.638184	2.232430	14.000000
157.756118	2.232751	11.000000
157.874038	2.232881	24.000000
157.993965	2.232626	20.000000
158.112891	2.232629	19.000000
158.231818	2.232935	16.000000
158.351744	2.233006	19.000000
158.469672	2.233192	16.000000
158.588598	2.233267	20.000000
158.706526	2.233054	20.000000
158.824454	2.233180	16.000000
158.942411	2.233134	23.000000
159.060309	2.233762	25.000000
159.179235	2.235017	26.000000
159.297163	2.234535	17.000000
159.414091	2.234387	14.000000
159.532018	2.234554	20.000000
159.650945	2.234753	18.000000
159.767874	2.234358	18.000000
159.885801	2.234082	24.000000
160.003728	2.233873	21.000000
160.123654	2.233823	19.000000
160.241581	2.233965	18.000000
160.360508	2.234064	31.000000
160.489429	2.233803	17.000000
160.607357	2.233916	20.000000
